      279.590000       62.298000
      279.653000       61.496700
      279.713000       60.031400
      279.773000       63.345800
      279.841000       64.351900
      279.908000       65.074800
      279.977000       65.354300
      280.046000       67.038000
      280.116000       68.662900
      280.187000       70.076000
      280.257000       70.754200
      280.329000       70.843400
      280.400000       74.223600
      280.471000       77.757700
      280.544000       84.708900
      280.617000       91.747300
      280.692000      103.153000
      280.765000      116.601000
      280.840000      132.823000
      280.915000      146.732000
      280.993000      160.055000
      281.067000      167.384000
      281.143000      173.503000
      281.216000      177.713000
      281.289000      185.348000
      281.361000      197.976000
      281.433000      216.865000
      281.508000      233.881000
      281.579000      248.562000
      281.650000      255.951000
      281.712000      260.601000
      281.776000      263.352000
      281.834000      264.464000
      281.886000      271.288000
      281.938000      278.597000
      281.990000      288.014000
      282.045000      296.771000
      282.101000      302.533000
      282.161000      307.707000
      282.220000      308.823000
      282.282000      311.557000
      282.343000      317.807000
      282.408000      325.002000
      282.476000      328.047000
      282.545000      323.814000
      282.614000      319.213000
      282.691000      316.468000
      282.772000      321.603000
      282.859000      335.868000
      282.945000      353.661000
      283.032000      366.854000
      283.123000      370.194000
      283.216000      367.098000
      283.310000      362.658000
      283.398000      352.947000
      283.481000      336.365000
      283.562000      318.217000
      283.642000      314.362000
      283.717000      324.231000
      283.792000      339.473000
      283.867000      355.389000
      283.934000      360.504000
      284.002000      356.645000
      284.070000      347.365000
      284.133000      339.163000
      284.200000      331.752000
      284.260000      323.032000
      284.316000      310.116000
      284.382000      298.077000
      284.449000      290.249000
      284.516000      283.760000
      284.585000      276.966000
      284.653000      264.052000
      284.722000      247.211000
      284.790000      224.108000
      284.859000      197.709000
      284.928000      169.348000
      285.000000      142.597000
      285.072000      115.584000
      285.145000       91.555000
      285.218000       72.403600
      285.292000       63.204400
      285.367000       64.723200
      285.443000       76.669600
      285.518000       96.902600
      285.598000      120.510000
      285.672000      147.631000
      285.745000      173.714000
      285.816000      201.792000
      285.887000      230.174000
      285.960000      260.648000
      286.033000      289.561000
      286.105000      314.658000
      286.170000      332.068000
      286.233000      345.457000
      286.292000      352.027000
      286.349000      360.298000
      286.403000      363.598000
      286.453000      372.687000
      286.504000      379.694000
      286.557000      380.941000
      286.614000      385.040000
      286.671000      379.130000
      286.729000      373.072000
      286.789000      360.303000
      286.848000      345.727000
      286.913000      338.093000
      286.982000      342.901000
      287.050000      365.673000
      287.120000      399.579000
      287.197000      433.100000
      287.278000      444.229000
      287.365000      431.808000
      287.451000      412.863000
      287.540000      389.516000
      287.629000      376.338000
      287.723000      367.340000
      287.814000      355.063000
      287.899000      326.575000
      287.980000      288.611000
      288.059000      240.552000
      288.136000      200.123000
      288.212000      178.521000
      288.284000      184.752000
      288.359000      217.436000
      288.426000      266.890000
      288.491000      325.796000
      288.559000      373.918000
      288.623000      409.870000
      288.683000      428.429000
      288.745000      434.790000
      288.801000      433.943000
      288.869000      430.730000
      288.936000      425.617000
      289.005000      424.751000
      289.071000      424.513000
      289.138000      425.573000
      289.209000      428.354000
      289.277000      428.815000
      289.347000      432.423000
      289.417000      438.752000
      289.489000      454.648000
      289.560000      481.214000
      289.630000      511.495000
      289.701000      539.406000
      289.772000      556.716000
      289.847000      575.279000
      289.921000      597.081000
      289.994000      628.855000
      290.070000      653.468000
      290.145000      663.307000
      290.217000      665.261000
      290.287000      668.263000
      290.359000      678.534000
      290.432000      688.533000
      290.505000      698.031000
      290.575000      696.620000
      290.641000      690.007000
      290.703000      675.060000
      290.764000      659.949000
      290.820000      643.610000
      290.870000      631.457000
      290.920000      621.062000
      290.971000      615.106000
      291.025000      611.866000
      291.083000      610.395000
      291.142000      616.529000
      291.201000      629.823000
      291.259000      651.298000
      291.321000      671.219000
      291.387000      677.321000
      291.454000      668.353000
      291.523000      643.468000
      291.597000      617.799000
      291.674000      595.434000
      291.757000      585.356000
      291.846000      584.899000
      291.937000      593.095000
      292.029000      601.522000
      292.122000      611.239000
      292.219000      609.117000
      292.312000      589.932000
      292.401000      561.473000
      292.484000      532.643000
      292.565000      508.217000
      292.644000      491.646000
      292.720000      484.462000
      292.795000      479.133000
      292.869000      474.674000
      292.936000      482.891000
      293.004000      512.021000
      293.068000      553.544000
      293.134000      599.037000
      293.197000      636.631000
      293.255000      663.678000
      293.314000      673.603000
      293.381000      675.124000
      293.447000      674.389000
      293.514000      673.146000
      293.583000      655.762000
      293.652000      614.747000
      293.720000      560.913000
      293.789000      510.322000
      293.859000      475.747000
      293.929000      464.467000
      294.000000      473.774000
      294.072000      495.967000
      294.142000      516.211000
      294.215000      533.560000
      294.286000      557.099000
      294.361000      573.081000
      294.435000      581.651000
      294.511000      592.768000
      294.586000      605.643000
      294.661000      604.935000
      294.734000      573.966000
      294.803000      520.995000
      294.875000      469.538000
      294.946000      435.429000
      295.019000      436.321000
      295.088000      465.305000
      295.153000      515.703000
      295.213000      570.477000
      295.271000      610.124000
      295.328000      630.534000
      295.379000      626.920000
      295.429000      608.952000
      295.481000      594.693000
      295.534000      585.031000
      295.592000      583.038000
      295.652000      581.202000
      295.711000      581.512000
      295.770000      587.822000
      295.834000      602.929000
      295.900000      618.800000
      295.969000      628.791000
      296.039000      630.891000
      296.112000      635.871000
      296.192000      650.277000
      296.278000      671.545000
      296.367000      678.954000
      296.456000      638.533000
      296.547000      543.750000
      296.638000      445.077000
      296.732000      382.000000
      296.822000      376.434000
      296.908000      394.038000
      296.988000      405.600000
      297.067000      414.870000
      297.143000      428.597000
      297.216000      438.265000
      297.287000      443.119000
      297.359000      450.794000
      297.424000      474.426000
      297.490000      509.618000
      297.554000      552.599000
      297.618000      598.445000
      297.678000      647.180000
      297.736000      696.125000
      297.795000      725.684000
      297.861000      735.488000
      297.927000      719.714000
      297.994000      683.559000
      298.060000      633.304000
      298.127000      567.941000
      298.196000      507.341000
      298.265000      451.123000
      298.334000      406.239000
      298.404000      366.904000
      298.475000      336.020000
      298.545000      320.717000
      298.618000      325.272000
      298.689000      346.083000
      298.763000      379.316000
      298.839000      428.248000
      298.915000      485.874000
      298.992000      553.021000
      299.068000      605.449000
      299.141000      638.304000
      299.213000      641.120000
      299.284000      620.445000
      299.356000      577.488000
      299.425000      523.316000
      299.496000      479.970000
      299.563000      460.159000
      299.627000      469.454000
      299.687000      497.754000
      299.745000      535.253000
      299.797000      567.330000
      299.848000      581.673000
      299.896000      572.048000
      299.944000      534.215000
      299.996000      481.937000
      300.052000      423.901000
      300.110000      369.234000
      300.167000      330.002000
      300.224000      304.034000
      300.284000      298.662000
      300.351000      317.223000
      300.419000      359.393000
      300.489000      417.287000
      300.563000      467.176000
      300.640000      483.915000
      300.725000      463.848000
      300.813000      423.152000
      300.900000      407.824000
      300.990000      436.868000
      301.082000      485.994000
      301.173000      522.628000
      301.263000      544.018000
      301.351000      556.027000
      301.431000      562.009000
      301.512000      562.181000
      301.588000      559.631000
      301.664000      540.399000
      301.734000      507.377000
      301.807000      466.353000
      301.873000      419.033000
      301.936000      369.512000
      302.000000      321.735000
      302.062000      284.103000
      302.122000      274.317000
      302.181000      294.979000
      302.240000      346.388000
      302.307000      410.975000
      302.373000      467.660000
      302.438000      505.523000
      302.506000      518.597000
      302.575000      515.086000
      302.644000      521.883000
      302.712000      547.613000
      302.782000      598.983000
      302.852000      650.912000
      302.922000      683.345000
      302.994000      690.788000
      303.065000      672.940000
      303.139000      654.251000
      303.212000      662.896000
      303.288000      690.873000
      303.363000      728.363000
      303.438000      754.487000
      303.513000      770.248000
      303.588000      751.714000
      303.659000      700.972000
      303.731000      631.855000
      303.803000      580.642000
      303.873000      554.669000
      303.946000      554.102000
      304.015000      564.342000
      304.081000      568.499000
      304.143000      570.388000
      304.203000      568.248000
      304.260000      564.895000
      304.312000      572.853000
      304.363000      590.589000
      304.413000      620.741000
      304.467000      656.452000
      304.525000      689.487000
      304.583000      711.076000
      304.642000      708.342000
      304.699000      675.114000
      304.760000      626.170000
      304.826000      584.707000
      304.893000      573.448000
      304.963000      593.904000
      305.033000      636.758000
      305.109000      703.455000
      305.193000      767.838000
      305.280000      790.673000
      305.370000      760.377000
      305.460000      712.184000
      305.553000      661.024000
      305.646000      598.756000
      305.737000      526.379000
      305.824000      456.752000
      305.904000      413.288000
      305.984000      421.805000
      306.060000      472.837000
      306.133000      554.233000
      306.207000      620.221000
      306.280000      662.748000
      306.347000      667.613000
      306.410000      651.691000
      306.475000      626.085000
      306.536000      600.069000
      306.595000      572.497000
      306.655000      543.144000
      306.712000      522.971000
      306.775000      517.042000
      306.840000      534.094000
      306.907000      567.901000
      306.974000      612.767000
      307.042000      657.120000
      307.112000      689.548000
      307.181000      702.255000
      307.249000      699.423000
      307.321000      691.619000
      307.393000      680.177000
      307.466000      667.096000
      307.538000      648.003000
      307.612000      642.833000
      307.687000      645.626000
      307.763000      653.925000
      307.838000      663.616000
      307.916000      681.216000
      307.994000      692.249000
      308.068000      688.156000
      308.142000      664.959000
      308.216000      633.347000
      308.287000      612.091000
      308.360000      605.835000
      308.429000      629.887000
      308.496000      669.201000
      308.560000      707.911000
      308.619000      741.579000
      308.675000      747.853000
      308.728000      737.801000
      308.778000      717.748000
      308.824000      688.778000
      308.872000      663.421000
      308.925000      642.192000
      308.979000      620.527000
      309.036000      601.935000
      309.094000      574.484000
      309.151000      540.876000
      309.211000      501.719000
      309.277000      459.944000
      309.345000      444.569000
      309.415000      459.680000
      309.488000      501.546000
      309.567000      532.956000
      309.652000      537.326000
      309.738000      528.776000
      309.828000      510.401000
      309.917000      474.237000
      310.009000      425.934000
      310.103000      390.368000
      310.193000      400.424000
      310.278000      468.622000
      310.359000      564.848000
      310.436000      654.300000
      310.510000      715.835000
      310.582000      756.363000
      310.653000      786.448000
      310.722000      815.694000
      310.787000      845.096000
      310.851000      865.774000
      310.913000      871.963000
      310.974000      868.968000
      311.032000      855.691000
      311.090000      849.857000
      311.149000      845.387000
      311.214000      846.519000
      311.280000      849.325000
      311.346000      846.631000
      311.413000      846.602000
      311.482000      835.720000
      311.552000      823.929000
      311.622000      797.094000
      311.692000      762.807000
      311.764000      726.990000
      311.836000      688.492000
      311.908000      657.052000
      311.980000      629.588000
      312.053000      615.602000
      312.127000      612.718000
      312.203000      624.873000
      312.279000      659.068000
      312.357000      694.384000
      312.432000      718.617000
      312.507000      716.835000
      312.580000      710.839000
      312.652000      702.535000
      312.726000      704.917000
      312.798000      708.065000
      312.869000      720.852000
      312.936000      730.239000
      313.000000      735.304000
      313.060000      732.622000
      313.119000      730.877000
      313.173000      723.521000
      313.223000      716.351000
      313.271000      710.473000
      313.320000      699.309000
      313.371000      691.950000
      313.426000      689.134000
      313.482000      692.432000
      313.540000      698.534000
      313.596000      714.449000
      313.657000      736.313000
      313.721000      770.330000
      313.789000      811.938000
      313.859000      846.357000
      313.933000      866.696000
      314.010000      876.684000
      314.097000      865.200000
      314.185000      820.016000
      314.276000      719.911000
      314.366000      600.067000
      314.460000      516.043000
      314.555000      504.504000
      314.645000      542.184000
      314.731000      609.582000
      314.813000      679.494000
      314.892000      735.397000
      314.967000      768.168000
      315.039000      786.452000
      315.110000      792.065000
      315.180000      795.222000
      315.245000      791.441000
      315.310000      788.056000
      315.373000      784.508000
      315.434000      773.516000
      315.493000      758.512000
      315.550000      735.098000
      315.608000      699.348000
      315.672000      648.931000
      315.737000      593.777000
      315.802000      539.159000
      315.869000      493.088000
      315.938000      464.694000
      316.009000      453.025000
      316.079000      461.409000
      316.150000      484.426000
      316.222000      527.120000
      316.294000      575.338000
      316.370000      620.122000
      316.443000      654.441000
      316.519000      678.629000
      316.594000      694.936000
      316.670000      710.478000
      316.747000      720.632000
      316.827000      729.674000
      316.903000      746.435000
      316.978000      779.953000
      317.053000      824.637000
      317.124000      876.869000
      317.194000      918.312000
      317.264000      949.000000
      317.333000      959.924000
      317.398000      956.757000
      317.460000      947.041000
      317.519000      932.479000
      317.576000      930.446000
      317.627000      930.470000
      317.678000      927.716000
      317.726000      916.848000
      317.777000      885.538000
      317.828000      843.285000
      317.884000      785.613000
      317.941000      718.463000
      317.999000      655.102000
      318.057000      600.863000
      318.119000      564.895000
      318.184000      550.395000
      318.254000      556.046000
      318.324000      578.995000
      318.398000      609.112000
      318.477000      647.297000
      318.563000      691.562000
      318.650000      729.996000
      318.739000      769.742000
      318.829000      819.345000
      318.921000      860.739000
      319.012000      857.936000
      319.102000      801.413000
      319.187000      718.476000
      319.267000      647.533000
      319.344000      611.417000
      319.418000      615.773000
      319.491000      644.338000
      319.562000      673.723000
      319.634000      705.195000
      319.697000      737.521000
      319.762000      778.094000
      319.824000      815.776000
      319.884000      845.658000
      319.944000      859.038000
      319.999000      867.918000
      320.056000      868.519000
      320.119000      872.017000
      320.183000      873.602000
      320.249000      883.441000
      320.316000      904.132000
      320.383000      929.882000
      320.452000      952.485000
      320.521000      965.700000
      320.589000      974.560000
      320.658000      976.558000
      320.728000      963.633000
      320.801000      923.555000
      320.875000      873.543000
      320.948000      804.423000
      321.022000      740.385000
      321.097000      680.037000
      321.174000      639.977000
      321.250000      611.036000
      321.326000      597.744000
      321.400000      603.038000
      321.473000      623.513000
      321.544000      656.266000
      321.613000      686.226000
      321.683000      718.508000
      321.751000      757.741000
      321.816000      796.497000
      321.877000      832.257000
      321.934000      860.149000
      321.990000      877.838000
      322.041000      888.878000
      322.091000      881.242000
      322.141000      858.888000
      322.192000      831.739000
      322.244000      804.948000
      322.302000      788.918000
      322.360000      781.438000
      322.418000      770.185000
      322.476000      754.500000
      322.539000      734.050000
      322.604000      706.998000
      322.673000      675.168000
      322.745000      631.764000
      322.821000      598.925000
      322.903000      582.636000
      322.992000      599.788000
      323.084000      644.675000
      323.178000      693.390000
      323.271000      719.135000
      323.367000      709.122000
      323.462000      684.883000
      323.555000      667.599000
      323.641000      668.490000
      323.724000      687.516000
      323.803000      711.340000
      323.880000      731.135000
      323.955000      755.069000
      324.028000      783.925000
      324.099000      812.484000
      324.164000      828.912000
      324.228000      836.234000
      324.289000      840.039000
      324.349000      839.110000
      324.407000      838.642000
      324.463000      845.404000
      324.521000      859.338000
      324.585000      869.738000
      324.651000      866.365000
      324.718000      846.656000
      324.785000      823.918000
      324.854000      793.099000
      324.923000      774.954000
      324.992000      763.918000
      325.062000      765.361000
      325.133000      779.579000
      325.207000      794.976000
      325.280000      813.373000
      325.352000      833.382000
      325.426000      865.951000
      325.499000      914.815000
      325.575000      965.946000
      325.651000     1008.760000
      325.726000     1038.950000
      325.800000     1064.870000
      325.873000     1081.810000
      325.945000     1094.860000
      326.014000     1099.170000
      326.083000     1101.160000
      326.153000     1095.370000
      326.222000     1089.310000
      326.287000     1071.930000
      326.350000     1050.110000
      326.408000     1027.300000
      326.463000     1003.710000
      326.515000      987.736000
      326.566000      984.129000
      326.613000      993.080000
      326.662000     1006.920000
      326.714000     1030.730000
      326.771000     1050.720000
      326.829000     1072.790000
      326.887000     1084.650000
      326.946000     1080.410000
      327.008000     1062.390000
      327.074000     1027.760000
      327.143000     1002.720000
      327.214000      986.989000
      327.289000      994.449000
      327.367000     1010.330000
      327.453000     1034.740000
      327.542000     1041.830000
      327.630000     1031.140000
      327.724000     1007.900000
      327.818000      988.461000
      327.912000      971.665000
      328.005000      968.869000
      328.092000      970.675000
      328.175000      966.665000
      328.253000      963.544000
      328.330000      969.007000
      328.402000      974.039000
      328.474000      969.197000
      328.544000      949.295000
      328.609000      922.714000
      328.671000      887.258000
      328.733000      862.641000
      328.791000      856.257000
      328.848000      874.106000
      328.905000      917.126000
      328.962000      969.115000
      329.022000     1025.270000
      329.087000     1068.510000
      329.152000     1100.080000
      329.218000     1123.990000
      329.285000     1146.870000
      329.354000     1158.280000
      329.420000     1173.340000
      329.490000     1179.600000
      329.561000     1185.290000
      329.633000     1186.110000
      329.708000     1185.500000
      329.782000     1180.740000
      329.859000     1186.520000
      329.935000     1207.110000
      330.011000     1242.060000
      330.090000     1248.860000
      330.169000     1227.350000
      330.245000     1186.080000
      330.322000     1139.010000
      330.394000     1098.460000
      330.465000     1048.420000
      330.536000     1003.750000
      330.609000      959.791000
      330.679000      932.278000
      330.743000      919.779000
      330.805000      925.958000
      330.862000      946.274000
      330.918000      973.599000
      330.970000     1007.320000
      331.017000     1039.770000
      331.064000     1061.860000
      331.112000     1076.800000
      331.163000     1080.830000
      331.215000     1072.700000
      331.271000     1058.200000
      331.329000     1038.410000
      331.385000     1010.360000
      331.446000      988.931000
      331.513000      974.880000
      331.582000      982.154000
      331.652000     1007.710000
      331.726000     1044.280000
      331.806000     1077.470000
      331.891000     1094.770000
      331.981000     1089.840000
      332.071000     1065.460000
      332.162000     1012.350000
      332.257000      958.071000
      332.352000      926.333000
      332.443000      942.939000
      332.528000      987.100000
      332.609000     1028.790000
      332.685000     1051.250000
      332.759000     1049.290000
      332.831000     1024.460000
      332.900000      995.897000
      332.967000      972.147000
      333.031000      969.609000
      333.095000      982.133000
      333.156000     1000.830000
      333.216000     1017.950000
      333.276000     1036.130000
      333.332000     1039.940000
      333.389000     1028.600000
      333.453000      995.470000
      333.517000      951.122000
      333.584000      903.803000
      333.650000      867.092000
      333.718000      856.330000
      333.787000      865.249000
      333.855000      895.849000
      333.925000      930.827000
      333.995000      960.303000
      334.068000      979.429000
      334.142000      986.452000
      334.215000      985.265000
      334.289000     1000.850000
      334.364000     1024.620000
      334.441000     1060.640000
      334.517000     1084.660000
      334.594000     1107.600000
      334.673000     1110.300000
      334.747000     1082.960000
      334.821000     1035.740000
      334.892000      971.281000
      334.963000      925.603000
      335.035000      909.857000
      335.106000      926.205000
      335.170000      962.625000
      335.233000      999.451000
      335.291000     1043.130000
      335.347000     1074.210000
      335.398000     1096.750000
      335.446000     1113.510000
      335.493000     1126.280000
      335.540000     1138.320000
      335.592000     1147.020000
      335.646000     1149.180000
      335.702000     1138.960000
      335.760000     1108.830000
      335.819000     1045.070000
      335.879000      954.840000
      335.943000      831.137000
      336.010000      718.619000
      336.082000      621.445000
      336.155000      595.116000
      336.235000      650.197000
      336.319000      760.890000
      336.408000      903.467000
      336.498000      993.311000
      336.591000     1019.680000
      336.685000      976.221000
      336.780000      894.977000
      336.872000      821.345000
      336.960000      760.557000
      337.042000      729.040000
      337.122000      715.775000
      337.198000      711.129000
      337.269000      723.659000
      337.341000      751.080000
      337.411000      798.631000
      337.476000      860.632000
      337.539000      932.418000
      337.598000      997.650000
      337.656000     1058.340000
      337.714000     1086.560000
      337.769000     1087.690000
      337.824000     1064.000000
      337.885000     1002.060000
      337.949000      937.018000
      338.013000      869.345000
      338.079000      835.714000
      338.147000      828.418000
      338.214000      845.380000
      338.283000      877.904000
      338.353000      907.958000
      338.423000      948.918000
      338.497000      983.089000
      338.570000     1019.420000
      338.644000     1042.120000
      338.720000     1044.020000
      338.796000     1036.590000
      338.874000     1034.460000
      338.953000     1039.270000
      339.032000     1037.640000
      339.110000     1013.100000
      339.187000      968.950000
      339.260000      916.617000
      339.331000      866.229000
      339.400000      839.168000
      339.470000      843.677000
      339.538000      870.789000
      339.604000      912.679000
      339.663000      957.024000
      339.722000     1004.590000
      339.777000     1043.760000
      339.829000     1076.360000
      339.878000     1105.250000
      339.925000     1134.570000
      339.974000     1163.510000
      340.026000     1187.620000
      340.080000     1198.810000
      340.138000     1202.170000
      340.194000     1193.110000
      340.253000     1171.420000
      340.313000     1148.740000
      340.380000     1112.320000
      340.449000     1079.300000
      340.519000     1051.130000
      340.593000     1030.100000
      340.671000     1005.870000
      340.755000      978.443000
      340.844000      960.441000
      340.933000      958.498000
      341.022000      979.203000
      341.114000     1006.380000
      341.207000     1005.320000
      341.299000      965.563000
      341.385000      896.752000
      341.466000      849.671000
      341.545000      831.663000
      341.622000      847.679000
      341.694000      893.054000
      341.766000      939.155000
      341.836000      996.285000
      341.899000     1045.920000
      341.964000     1091.300000
      342.024000     1117.730000
      342.083000     1132.840000
      342.141000     1130.010000
      342.198000     1107.690000
      342.255000     1070.210000
      342.317000     1028.080000
      342.381000      997.034000
      342.446000      984.894000
      342.512000      987.547000
      342.580000      996.950000
      342.647000     1001.630000
      342.716000     1008.910000
      342.785000     1023.020000
      342.854000     1048.140000
      342.926000     1089.320000
      342.998000     1135.030000
      343.071000     1169.970000
      343.145000     1167.810000
      343.221000     1135.150000
      343.297000     1074.880000
      343.374000     1036.370000
      343.453000     1029.760000
      343.529000     1047.340000
      343.605000     1064.730000
      343.680000     1065.850000
      343.751000     1050.400000
      343.821000     1028.100000
      343.895000      975.231000
      343.964000      919.414000
      344.030000      843.522000
      344.093000      772.215000
      344.152000      708.159000
      344.207000      661.215000
      344.259000      624.819000
      344.306000      610.158000
      344.353000      609.679000
      344.401000      622.704000
      344.451000      652.795000
      344.506000      687.104000
      344.562000      724.515000
      344.617000      756.940000
      344.674000      795.334000
      344.733000      832.370000
      344.796000      884.044000
      344.864000      928.794000
      344.935000      991.576000
      345.009000     1042.200000
      345.089000     1081.680000
      345.174000     1073.480000
      345.263000     1044.230000
      345.355000     1035.120000
      345.446000     1048.400000
      345.541000     1066.950000
      345.635000     1071.000000
      345.726000     1052.100000
      345.815000      991.167000
      345.898000      935.867000
      345.976000      875.332000
      346.050000      840.814000
      346.123000      811.287000
      346.192000      813.881000
      346.262000      846.362000
      346.325000      887.693000
      346.386000      942.931000
      346.446000      976.736000
      346.504000      994.924000
      346.560000      995.004000
      346.615000      990.163000
      346.670000      991.064000
      346.732000      997.322000
      346.796000     1014.190000
      346.859000     1034.750000
      346.924000     1061.390000
      346.991000     1095.320000
      347.059000     1110.740000
      347.127000     1104.010000
      347.196000     1082.540000
      347.265000     1035.970000
      347.337000      993.716000
      347.409000      928.827000
      347.483000      865.846000
      347.557000      798.245000
      347.631000      767.001000
      347.710000      762.729000
      347.786000      802.890000
      347.863000      864.157000
      347.941000      927.005000
      348.016000      977.620000
      348.090000     1009.010000
      348.160000     1012.940000
      348.231000     1003.120000
      348.301000      975.647000
      348.370000      948.823000
      348.435000      926.540000
      348.497000      917.071000
      348.556000      919.924000
      348.611000      938.967000
      348.663000      968.528000
      348.712000     1000.580000
      348.759000     1027.170000
      348.806000     1036.370000
      348.857000     1023.670000
      348.912000      996.198000
      348.969000      951.479000
      349.024000      906.694000
      349.081000      858.340000
      349.141000      829.309000
      349.206000      812.099000
      349.274000      817.043000
      349.343000      842.386000
      349.417000      873.569000
      349.496000      893.700000
      349.579000      872.782000
      349.668000      847.313000
      349.759000      850.840000
      349.852000      909.817000
      349.944000      997.243000
      350.039000     1085.470000
      350.131000     1147.610000
      350.221000     1189.590000
      350.304000     1212.470000
      350.384000     1218.970000
      350.462000     1210.540000
      350.535000     1185.030000
      350.607000     1158.410000
      350.677000     1139.230000
      350.741000     1125.940000
      350.804000     1119.920000
      350.865000     1120.660000
      350.923000     1106.510000
      350.981000     1089.650000
      351.037000     1064.520000
      351.092000     1049.370000
      351.154000     1021.220000
      351.216000      996.929000
      351.279000      967.171000
      351.343000      936.780000
      351.409000      912.315000
      351.475000      901.357000
      351.541000      909.740000
      351.608000      948.090000
      351.677000     1012.150000
      351.749000     1086.290000
      351.822000     1151.690000
      351.895000     1184.690000
      351.971000     1175.260000
      352.046000     1136.420000
      352.123000     1069.290000
      352.202000     1016.990000
      352.280000      956.177000
      352.358000      903.086000
      352.434000      840.840000
      352.508000      792.258000
      352.581000      753.338000
      352.653000      741.150000
      352.724000      763.570000
      352.795000      809.383000
      352.860000      881.145000
      352.920000      944.170000
      352.975000      999.118000
      353.027000     1042.270000
      353.076000     1072.640000
      353.123000     1083.450000
      353.169000     1080.250000
      353.216000     1068.840000
      353.266000     1057.230000
      353.320000     1050.070000
      353.376000     1060.190000
      353.434000     1082.380000
      353.494000     1100.030000
      353.555000     1120.410000
      353.622000     1127.530000
      353.694000     1129.410000
      353.767000     1133.520000
      353.842000     1144.730000
      353.923000     1168.730000
      354.011000     1176.290000
      354.101000     1154.810000
      354.191000     1132.030000
      354.281000     1121.040000
      354.374000     1131.110000
      354.468000     1158.370000
      354.557000     1179.310000
      354.643000     1186.630000
      354.724000     1179.830000
      354.802000     1163.210000
      354.876000     1164.090000
      354.947000     1170.230000
      355.017000     1178.580000
      355.085000     1178.970000
      355.147000     1176.030000
      355.209000     1163.120000
      355.268000     1134.910000
      355.327000     1095.340000
      355.382000     1056.670000
      355.437000     1028.650000
      355.493000     1015.050000
      355.554000     1016.820000
      355.617000     1027.930000
      355.680000     1039.870000
      355.743000     1049.750000
      355.810000     1051.450000
      355.877000     1051.220000
      355.945000     1051.580000
      356.014000     1047.110000
      356.082000     1060.960000
      356.154000     1084.060000
      356.226000     1125.780000
      356.299000     1159.300000
      356.372000     1149.540000
      356.447000     1084.390000
      356.524000      975.701000
      356.600000      879.630000
      356.678000      816.547000
      356.754000      799.318000
      356.832000      790.460000
      356.905000      776.665000
      356.978000      751.757000
      357.050000      730.880000
      357.121000      720.632000
      357.190000      725.721000
      357.255000      754.668000
      357.317000      790.247000
      357.375000      833.504000
      357.431000      870.734000
      357.481000      905.635000
      357.528000      926.761000
      357.573000      954.901000
      357.620000      972.906000
      357.670000      985.616000
      357.725000      988.802000
      357.781000      983.204000
      357.836000      956.965000
      357.894000      921.482000
      357.953000      870.422000
      358.018000      789.524000
      358.087000      706.863000
      358.158000      630.012000
      358.233000      603.326000
      358.314000      608.513000
      358.401000      616.772000
      358.491000      612.182000
      358.581000      595.756000
      358.672000      583.181000
      358.764000      601.360000
      358.856000      654.490000
      358.947000      734.840000
      359.033000      841.452000
      359.116000      937.571000
      359.195000     1008.720000
      359.271000     1049.210000
      359.343000     1065.670000
      359.413000     1080.110000
      359.483000     1092.770000
      359.544000     1117.280000
      359.602000     1140.470000
      359.659000     1167.850000
      359.715000     1198.480000
      359.771000     1214.660000
      359.826000     1229.520000
      359.880000     1240.170000
      359.941000     1255.360000
      360.002000     1263.090000
      360.065000     1257.840000
      360.130000     1244.380000
      360.196000     1201.280000
      360.265000     1156.070000
      360.333000     1095.350000
      360.400000     1038.740000
      360.471000      981.561000
      360.543000      945.469000
      360.617000      932.961000
      360.689000      926.342000
      360.766000      906.076000
      360.841000      858.774000
      360.919000      812.371000
      360.997000      793.709000
      361.076000      810.834000
      361.152000      846.843000
      361.225000      897.064000
      361.296000      934.074000
      361.363000      963.639000
      361.430000      990.681000
      361.497000     1020.190000
      361.563000     1036.140000
      361.627000     1040.010000
      361.687000     1026.110000
      361.744000      988.663000
      361.798000      932.529000
      361.850000      865.546000
      361.900000      806.505000
      361.947000      758.822000
      361.995000      741.705000
      362.047000      743.811000
      362.102000      773.021000
      362.161000      822.129000
      362.220000      885.631000
      362.282000      949.713000
      362.348000     1004.360000
      362.417000     1044.380000
      362.490000     1088.070000
      362.566000     1149.010000
      362.642000     1206.910000
      362.724000     1269.540000
      362.811000     1309.260000
      362.900000     1301.310000
      362.989000     1214.890000
      363.078000     1054.850000
      363.168000      914.298000
      363.259000      834.064000
      363.346000      817.320000
      363.429000      832.884000
      363.509000      879.046000
      363.585000      932.954000
      363.661000      971.708000
      363.732000     1010.680000
      363.802000     1047.950000
      363.870000     1098.310000
      363.932000     1138.900000
      363.992000     1172.460000
      364.052000     1196.530000
      364.110000     1205.670000
      364.166000     1203.570000
      364.222000     1190.240000
      364.278000     1160.760000
      364.339000     1125.250000
      364.401000     1082.110000
      364.462000     1044.530000
      364.527000     1012.380000
      364.591000      983.116000
      364.656000      953.909000
      364.722000      922.541000
      364.790000      892.175000
      364.859000      880.055000
      364.929000      881.730000
      365.001000      905.073000
      365.073000      943.717000
      365.148000     1014.910000
      365.223000     1088.720000
      365.300000     1158.440000
      365.378000     1209.080000
      365.457000     1244.720000
      365.534000     1262.830000
      365.610000     1278.230000
      365.682000     1290.220000
      365.753000     1307.550000
      365.823000     1326.720000
      365.892000     1345.540000
      365.960000     1359.180000
      366.022000     1369.970000
      366.083000     1369.850000
      366.139000     1367.160000
      366.194000     1360.180000
      366.246000     1339.760000
      366.293000     1319.470000
      366.338000     1299.340000
      366.386000     1277.920000
      366.435000     1262.580000
      366.490000     1253.010000
      366.547000     1251.910000
      366.604000     1247.500000
      366.665000     1245.190000
      366.727000     1242.710000
      366.795000     1237.690000
      366.868000     1217.840000
      366.944000     1186.080000
      367.024000     1172.850000
      367.109000     1195.210000
      367.197000     1236.440000
      367.288000     1281.100000
      367.379000     1310.100000
      367.470000     1326.600000
      367.559000     1319.040000
      367.651000     1282.160000
      367.738000     1232.350000
      367.822000     1178.810000
      367.900000     1127.320000
      367.975000     1087.180000
      368.048000     1062.760000
      368.117000     1065.180000
      368.185000     1085.940000
      368.253000     1107.160000
      368.314000     1136.270000
      368.375000     1159.460000
      368.432000     1169.600000
      368.491000     1170.870000
      368.548000     1149.710000
      368.603000     1119.570000
      368.657000     1085.330000
      368.720000     1047.670000
      368.781000     1023.940000
      368.844000     1021.640000
      368.908000     1040.330000
      368.974000     1085.430000
      369.042000     1144.910000
      369.110000     1223.710000
      369.179000     1290.800000
      369.249000     1332.780000
      369.320000     1339.880000
      369.393000     1326.620000
      369.466000     1301.470000
      369.540000     1277.040000
      369.615000     1266.250000
      369.691000     1269.740000
      369.767000     1294.070000
      369.844000     1336.580000
      369.920000     1377.470000
      369.993000     1412.050000
      370.065000     1431.040000
      370.133000     1437.580000
      370.202000     1418.860000
      370.271000     1377.930000
      370.338000     1322.170000
      370.401000     1246.860000
      370.461000     1179.540000
      370.519000     1109.180000
      370.574000     1053.870000
      370.625000     1006.570000
      370.674000      973.946000
      370.720000      946.099000
      370.768000      939.320000
      370.818000      941.307000
      370.875000      946.975000
      370.932000      968.375000
      370.992000     1009.140000
      371.052000     1059.270000
      371.116000     1121.320000
      371.185000     1201.680000
      371.257000     1285.680000
      371.331000     1388.850000
      371.407000     1468.590000
      371.490000     1518.590000
      371.576000     1530.790000
      371.665000     1507.140000
      371.753000     1444.270000
      371.843000     1309.100000
      371.932000     1142.090000
      372.022000      961.851000
      372.109000      838.002000
      372.194000      778.021000
      372.274000      796.707000
      372.351000      887.708000
      372.425000     1001.270000
      372.497000     1121.240000
      372.567000     1203.330000
      372.636000     1248.610000
      372.699000     1250.670000
      372.760000     1240.550000
      372.819000     1232.270000
      372.875000     1231.690000
      372.932000     1235.800000
      372.989000     1234.100000
      373.045000     1225.790000
      373.107000     1219.640000
      373.168000     1196.130000
      373.229000     1142.030000
      373.293000     1064.930000
      373.359000      957.999000
      373.425000      856.158000
      373.492000      754.109000
      373.559000      679.345000
      373.629000      633.109000
      373.701000      626.796000
      373.775000      676.604000
      373.849000      766.827000
      373.923000      903.905000
      373.998000     1033.410000
      374.076000     1163.330000
      374.151000     1234.320000
      374.230000     1250.350000
      374.305000     1205.200000
      374.380000     1135.180000
      374.450000     1049.340000
      374.520000      960.151000
      374.587000      893.198000
      374.654000      843.824000
      374.720000      808.888000
      374.783000      774.536000
      374.843000      738.258000
      374.897000      706.077000
      374.949000      693.285000
      375.001000      701.716000
      375.049000      734.692000
      375.095000      787.346000
      375.143000      855.338000
      375.195000      939.684000
      375.251000     1026.540000
      375.310000     1123.010000
      375.371000     1220.880000
      375.431000     1313.460000
      375.496000     1387.650000
      375.565000     1443.940000
      375.639000     1444.200000
      375.714000     1378.570000
      375.793000     1266.590000
      375.875000     1128.000000
      375.963000     1038.280000
      376.051000     1024.210000
      376.140000     1060.720000
      376.230000     1110.960000
      376.318000     1131.410000
      376.408000     1132.810000
      376.492000     1132.740000
      376.573000     1131.720000
      376.651000     1114.500000
      376.724000     1102.760000
      376.796000     1112.620000
      376.867000     1118.080000
      376.934000     1127.330000
      377.002000     1130.970000
      377.064000     1142.210000
      377.126000     1171.060000
      377.186000     1205.890000
      377.244000     1250.460000
      377.301000     1288.070000
      377.358000     1326.090000
      377.416000     1359.520000
      377.478000     1387.980000
      377.541000     1407.880000
      377.603000     1417.160000
      377.667000     1420.560000
      377.733000     1423.570000
      377.800000     1425.740000
      377.868000     1434.610000
      377.936000     1457.660000
      378.006000     1488.350000
      378.077000     1518.170000
      378.149000     1541.340000
      378.221000     1558.610000
      378.293000     1582.210000
      378.366000     1596.450000
      378.440000     1588.530000
      378.516000     1546.550000
      378.591000     1468.480000
      378.665000     1383.630000
      378.739000     1296.840000
      378.810000     1228.180000
      378.880000     1167.440000
      378.948000     1140.330000
      379.017000     1137.210000
      379.083000     1150.510000
      379.148000     1167.550000
      379.208000     1181.960000
      379.264000     1184.790000
      379.321000     1181.430000
      379.373000     1164.550000
      379.424000     1150.880000
      379.470000     1127.040000
      379.521000     1102.040000
      379.574000     1081.960000
      379.631000     1059.540000
      379.691000     1028.350000
      379.751000      996.140000
      379.813000      961.106000
      379.879000      941.581000
      379.948000      942.084000
      380.022000      971.204000
      380.097000     1031.990000
      380.176000     1112.660000
      380.259000     1221.620000
      380.346000     1315.020000
      380.435000     1392.580000
      380.523000     1413.870000
      380.610000     1392.130000
      380.698000     1342.740000
      380.785000     1309.940000
      380.870000     1313.570000
      380.949000     1347.330000
      381.027000     1384.160000
      381.100000     1416.160000
      381.172000     1419.610000
      381.240000     1382.470000
      381.308000     1317.830000
      381.373000     1244.510000
      381.434000     1160.830000
      381.492000     1083.850000
      381.550000     1018.650000
      381.606000      979.062000
      381.663000      971.901000
      381.718000      987.682000
      381.775000     1008.980000
      381.836000     1022.990000
      381.897000     1011.910000
      381.961000      982.680000
      382.027000      941.942000
      382.093000      904.398000
      382.161000      889.035000
      382.229000      895.645000
      382.297000      912.960000
      382.367000      919.120000
      382.438000      903.311000
      382.511000      856.555000
      382.583000      792.935000
      382.657000      729.625000
      382.732000      685.751000
      382.807000      675.840000
      382.884000      689.237000
      382.961000      716.920000
      383.035000      741.860000
      383.110000      744.586000
      383.181000      732.786000
      383.249000      700.391000
      383.316000      674.547000
      383.382000      655.256000
      383.447000      652.200000
      383.507000      658.252000
      383.565000      675.477000
      383.621000      693.343000
      383.673000      705.880000
      383.723000      709.204000
      383.772000      703.929000
      383.819000      691.128000
      383.869000      680.543000
      383.922000      664.715000
      383.981000      659.401000
      384.042000      667.172000
      384.104000      690.121000
      384.168000      743.372000
      384.234000      820.491000
      384.307000      915.924000
      384.383000     1001.190000
      384.459000     1082.860000
      384.539000     1145.070000
      384.622000     1178.290000
      384.709000     1200.820000
      384.798000     1220.300000
      384.885000     1207.210000
      384.970000     1170.190000
      385.056000     1131.670000
      385.142000     1123.250000
      385.228000     1133.160000
      385.307000     1144.410000
      385.382000     1141.420000
      385.458000     1122.170000
      385.529000     1089.670000
      385.600000     1050.160000
      385.670000     1013.360000
      385.738000      982.713000
      385.801000      951.609000
      385.861000      909.084000
      385.920000      859.063000
      385.980000      815.283000
      386.036000      794.114000
      386.091000      796.585000
      386.147000      829.906000
      386.210000      894.253000
      386.272000      977.271000
      386.335000     1064.950000
      386.401000     1136.370000
      386.466000     1189.780000
      386.531000     1215.390000
      386.598000     1217.600000
      386.664000     1206.180000
      386.732000     1181.390000
      386.801000     1156.530000
      386.873000     1124.540000
      386.944000     1089.940000
      387.017000     1025.180000
      387.090000      955.302000
      387.167000      887.762000
      387.243000      857.562000
      387.321000      870.434000
      387.396000      934.315000
      387.469000     1025.090000
      387.540000     1102.570000
      387.608000     1155.720000
      387.676000     1169.200000
      387.742000     1142.520000
      387.806000     1098.270000
      387.868000     1051.560000
      387.926000     1024.940000
      387.982000     1003.060000
      388.036000      990.444000
      388.088000      983.616000
      388.137000      974.960000
      388.184000      967.330000
      388.231000      967.226000
      388.284000      978.353000
      388.342000      987.574000
      388.399000     1007.450000
      388.460000     1016.110000
      388.522000     1017.780000
      388.589000     1008.240000
      388.657000      984.757000
      388.732000      964.630000
      388.807000      929.127000
      388.886000      902.292000
      388.966000      907.613000
      389.054000      965.504000
      389.141000     1071.190000
      389.228000     1157.140000
      389.316000     1246.540000
      389.402000     1283.320000
      389.490000     1290.480000
      389.572000     1287.080000
      389.652000     1301.170000
      389.728000     1333.130000
      389.804000     1337.410000
      389.876000     1330.760000
      389.945000     1330.080000
      390.013000     1332.450000
      390.080000     1328.560000
      390.143000     1326.700000
      390.203000     1313.380000
      390.263000     1300.070000
      390.320000     1271.900000
      390.379000     1252.390000
      390.437000     1219.340000
      390.493000     1188.360000
      390.556000     1153.960000
      390.619000     1145.130000
      390.681000     1157.090000
      390.745000     1197.890000
      390.808000     1254.590000
      390.875000     1313.420000
      390.943000     1368.160000
      391.011000     1412.930000
      391.081000     1455.720000
      391.150000     1492.940000
      391.222000     1516.750000
      391.295000     1531.850000
      391.369000     1533.240000
      391.444000     1535.980000
      391.520000     1520.660000
      391.595000     1499.050000
      391.670000     1473.750000
      391.744000     1452.040000
      391.817000     1422.460000
      391.887000     1380.660000
      391.955000     1328.540000
      392.023000     1277.210000
      392.089000     1226.760000
      392.154000     1191.560000
      392.215000     1168.450000
      392.274000     1161.120000
      392.331000     1164.490000
      392.384000     1173.220000
      392.436000     1184.460000
      392.485000     1192.820000
      392.532000     1190.880000
      392.580000     1172.040000
      392.633000     1133.930000
      392.693000     1094.530000
      392.753000     1033.310000
      392.814000      963.917000
      392.877000      877.353000
      392.942000      795.845000
      393.012000      706.107000
      393.086000      622.931000
      393.161000      527.627000
      393.238000      445.704000
      393.319000      364.630000
      393.405000      308.212000
      393.490000      284.997000
      393.577000      301.292000
      393.664000      366.224000
      393.751000      457.630000
      393.837000      582.416000
      393.922000      692.898000
      394.003000      805.269000
      394.080000      888.797000
      394.155000      952.948000
      394.227000      987.753000
      394.299000     1001.390000
      394.366000     1005.230000
      394.435000     1011.790000
      394.495000     1042.310000
      394.555000     1085.140000
      394.613000     1138.780000
      394.670000     1187.370000
      394.726000     1228.730000
      394.780000     1263.110000
      394.834000     1288.270000
      394.892000     1324.090000
      394.953000     1356.040000
      395.016000     1387.750000
      395.079000     1409.990000
      395.143000     1421.910000
      395.210000     1430.160000
      395.275000     1426.670000
      395.344000     1431.810000
      395.414000     1437.890000
      395.486000     1440.250000
      395.560000     1423.820000
      395.633000     1413.390000
      395.707000     1409.940000
      395.781000     1410.690000
      395.856000     1414.080000
      395.932000     1404.620000
      396.007000     1359.420000
      396.082000     1285.890000
      396.155000     1175.630000
      396.224000     1077.470000
      396.292000      982.155000
      396.358000      918.077000
      396.425000      851.268000
      396.489000      800.867000
      396.551000      742.574000
      396.609000      687.657000
      396.666000      618.881000
      396.721000      554.816000
      396.772000      488.183000
      396.818000      434.824000
      396.866000      388.370000
      396.915000      364.172000
      396.970000      359.650000
      397.029000      375.123000
      397.092000      406.204000
      397.155000      453.989000
      397.220000      521.378000
      397.288000      593.042000
      397.362000      687.104000
      397.438000      778.389000
      397.516000      886.917000
      397.594000      989.216000
      397.678000     1095.620000
      397.763000     1196.720000
      397.850000     1308.700000
      397.937000     1414.130000
      398.023000     1512.090000
      398.108000     1569.200000
      398.193000     1598.270000
      398.277000     1600.520000
      398.354000     1584.070000
      398.429000     1572.890000
      398.500000     1565.680000
      398.570000     1559.080000
      398.638000     1564.950000
      398.704000     1579.060000
      398.770000     1611.910000
      398.830000     1633.860000
      398.889000     1660.550000
      398.948000     1677.840000
      399.006000     1692.560000
      399.063000     1704.990000
      399.118000     1725.290000
      399.174000     1735.080000
      399.235000     1747.060000
      399.298000     1750.810000
      399.361000     1748.320000
      399.426000     1751.950000
      399.491000     1734.500000
      399.557000     1719.340000
      399.624000     1682.910000
      399.692000     1664.600000
      399.761000     1637.760000
      399.831000     1633.470000
      399.902000     1660.180000
      399.974000     1700.510000
      400.048000     1736.630000
      400.122000     1765.450000
      400.197000     1810.550000
      400.272000     1831.640000
      400.347000     1823.580000
      400.422000     1771.590000
      400.494000     1695.070000
      400.563000     1625.420000
      400.631000     1593.210000
      400.698000     1586.500000
      400.763000     1607.930000
      400.827000     1634.160000
      400.888000     1682.450000
      400.946000     1719.780000
      401.000000     1752.000000
      401.054000     1777.910000
      401.105000     1800.130000
      401.152000     1812.460000
      401.197000     1818.700000
      401.245000     1822.360000
      401.298000     1824.440000
      401.357000     1822.690000
      401.417000     1825.550000
      401.479000     1830.940000
      401.542000     1831.350000
      401.607000     1826.400000
      401.678000     1809.830000
      401.753000     1789.630000
      401.830000     1787.530000
      401.910000     1801.430000
      401.991000     1814.920000
      402.077000     1830.740000
      402.165000     1848.070000
      402.251000     1857.230000
      402.337000     1852.960000
      402.423000     1840.390000
      402.509000     1830.030000
      402.594000     1839.750000
      402.674000     1866.040000
      402.752000     1888.110000
      402.826000     1904.790000
      402.898000     1890.740000
      402.968000     1850.310000
      403.038000     1787.880000
      403.106000     1719.450000
      403.169000     1661.840000
      403.231000     1610.470000
      403.290000     1578.060000
      403.348000     1548.300000
      403.404000     1549.650000
      403.459000     1572.200000
      403.514000     1604.770000
      403.574000     1653.750000
      403.635000     1715.240000
      403.697000     1778.520000
      403.762000     1841.690000
      403.827000     1896.650000
      403.894000     1934.090000
      403.962000     1947.540000
      404.030000     1936.950000
      404.099000     1928.020000
      404.170000     1918.430000
      404.243000     1903.320000
      404.315000     1870.680000
      404.388000     1791.000000
      404.461000     1676.410000
      404.537000     1542.120000
      404.612000     1445.230000
      404.688000     1429.700000
      404.764000     1474.160000
      404.837000     1569.340000
      404.907000     1668.340000
      404.973000     1774.220000
      405.038000     1846.320000
      405.102000     1890.150000
      405.166000     1894.300000
      405.226000     1878.590000
      405.283000     1860.050000
      405.338000     1837.780000
      405.391000     1810.300000
      405.441000     1787.730000
      405.489000     1766.980000
      405.537000     1739.940000
      405.587000     1723.330000
      405.643000     1703.190000
      405.702000     1687.450000
      405.765000     1658.680000
      405.829000     1640.630000
      405.894000     1638.320000
      405.963000     1651.650000
      406.036000     1686.530000
      406.114000     1710.090000
      406.192000     1725.890000
      406.271000     1696.390000
      406.356000     1621.870000
      406.442000     1541.280000
      406.529000     1499.420000
      406.614000     1512.230000
      406.698000     1552.430000
      406.782000     1620.690000
      406.867000     1707.620000
      406.949000     1759.430000
      407.027000     1771.360000
      407.101000     1743.370000
      407.174000     1698.250000
      407.244000     1672.940000
      407.313000     1670.040000
      407.380000     1680.480000
      407.446000     1699.060000
      407.506000     1704.670000
      407.566000     1703.640000
      407.624000     1693.690000
      407.681000     1656.570000
      407.738000     1614.730000
      407.793000     1578.670000
      407.849000     1557.920000
      407.909000     1566.960000
      407.970000     1592.650000
      408.032000     1654.820000
      408.096000     1711.390000
      408.161000     1779.190000
      408.226000     1816.960000
      408.291000     1832.590000
      408.358000     1828.080000
      408.427000     1803.590000
      408.497000     1777.720000
      408.569000     1758.940000
      408.640000     1766.250000
      408.713000     1807.710000
      408.786000     1865.870000
      408.861000     1918.800000
      408.936000     1958.360000
      409.011000     1973.690000
      409.083000     1962.300000
      409.154000     1945.060000
      409.220000     1915.440000
      409.284000     1892.400000
      409.348000     1875.340000
      409.411000     1858.660000
      409.473000     1835.850000
      409.532000     1798.350000
      409.588000     1774.010000
      409.641000     1737.410000
      409.693000     1715.030000
      409.744000     1689.870000
      409.792000     1667.010000
      409.840000     1637.730000
      409.891000     1603.210000
      409.947000     1574.060000
      410.007000     1520.240000
      410.071000     1454.260000
      410.136000     1398.800000
      410.204000     1343.940000
      410.276000     1310.110000
      410.353000     1303.280000
      410.433000     1328.670000
      410.513000     1401.400000
      410.594000     1495.980000
      410.678000     1612.200000
      410.765000     1692.520000
      410.851000     1752.110000
      410.936000     1779.690000
      411.020000     1786.010000
      411.105000     1790.390000
      411.190000     1799.020000
      411.271000     1820.260000
      411.349000     1848.050000
      411.423000     1885.330000
      411.494000     1928.160000
      411.563000     1949.860000
      411.630000     1970.880000
      411.694000     1980.200000
      411.756000     1972.460000
      411.813000     1945.810000
      411.871000     1915.610000
      411.929000     1897.600000
      411.987000     1887.200000
      412.043000     1875.320000
      412.098000     1875.340000
      412.155000     1871.480000
      412.217000     1874.640000
      412.279000     1881.480000
      412.342000     1899.570000
      412.406000     1903.820000
      412.471000     1920.840000
      412.538000     1921.550000
      412.605000     1916.080000
      412.673000     1904.390000
      412.744000     1885.880000
      412.816000     1874.480000
      412.888000     1860.590000
      412.961000     1853.300000
      413.035000     1844.850000
      413.109000     1822.620000
      413.184000     1785.720000
      413.258000     1741.190000
      413.332000     1709.010000
      413.404000     1690.680000
      413.473000     1712.080000
      413.539000     1754.190000
      413.602000     1817.510000
      413.665000     1873.310000
      413.727000     1923.370000
      413.789000     1959.700000
      413.848000     2002.210000
      413.905000     2027.190000
      413.959000     2039.070000
      414.011000     2049.070000
      414.061000     2036.970000
      414.109000     2023.940000
      414.157000     1985.660000
      414.208000     1932.360000
      414.266000     1880.960000
      414.327000     1822.100000
      414.390000     1771.720000
      414.456000     1742.540000
      414.522000     1733.940000
      414.594000     1741.170000
      414.669000     1781.770000
      414.747000     1826.110000
      414.825000     1884.090000
      414.905000     1918.550000
      414.987000     1919.040000
      415.072000     1909.440000
      415.157000     1893.950000
      415.242000     1881.600000
      415.325000     1856.220000
      415.410000     1822.530000
      415.494000     1781.190000
      415.575000     1758.530000
      415.652000     1745.120000
      415.726000     1740.420000
      415.797000     1766.860000
      415.865000     1787.580000
      415.932000     1818.300000
      415.999000     1845.830000
      416.061000     1876.830000
      416.121000     1900.620000
      416.179000     1939.750000
      416.237000     1966.630000
      416.294000     1981.840000
      416.350000     1998.440000
      416.404000     2012.880000
      416.461000     2014.620000
      416.519000     2017.830000
      416.578000     2007.060000
      416.639000     1978.300000
      416.703000     1939.320000
      416.767000     1910.180000
      416.834000     1893.050000
      416.901000     1885.970000
      416.968000     1892.950000
      417.034000     1879.040000
      417.101000     1852.870000
      417.168000     1813.800000
      417.237000     1762.500000
      417.310000     1708.870000
      417.383000     1676.930000
      417.458000     1674.340000
      417.534000     1683.320000
      417.609000     1713.590000
      417.682000     1729.040000
      417.755000     1754.680000
      417.826000     1766.670000
      417.896000     1784.280000
      417.965000     1809.730000
      418.033000     1812.410000
      418.099000     1817.580000
      418.162000     1811.620000
      418.221000     1804.020000
      418.277000     1798.740000
      418.330000     1797.160000
      418.379000     1796.470000
      418.426000     1798.820000
      418.472000     1798.030000
      418.518000     1806.760000
      418.568000     1807.600000
      418.620000     1800.940000
      418.674000     1783.210000
      418.729000     1758.680000
      418.785000     1736.230000
      418.846000     1744.900000
      418.910000     1747.290000
      418.979000     1773.570000
      419.051000     1802.920000
      419.128000     1842.620000
      419.211000     1897.820000
      419.298000     1938.840000
      419.388000     1950.100000
      419.478000     1924.600000
      419.570000     1878.850000
      419.663000     1817.190000
      419.754000     1739.070000
      419.843000     1681.440000
      419.927000     1654.760000
      420.008000     1646.380000
      420.085000     1643.560000
      420.157000     1648.150000
      420.228000     1667.040000
      420.297000     1696.970000
      420.362000     1731.760000
      420.425000     1772.120000
      420.485000     1813.140000
