2500.05
2500.55
2501.05
2501.55
2502.05
2502.55
2503.05
2503.55
2504.05
2504.55
2505.05
2505.55
2506.05
2506.56
2507.06
2507.56
2508.06
2508.56
2509.06
2509.56
2510.06
2510.56
2511.06
2511.56
2512.06
2512.56
2513.06
2513.56
2514.06
2514.56
2515.06
2515.56
2516.06
2516.56
2517.06
2517.56
2518.06
2518.56
2519.06
2519.56
2520.06
2520.56
2521.06
2521.56
2522.06
2522.56
2523.06
2523.56
2524.06
2524.56
2525.06
2525.56
2526.06
2526.56
2527.06
2527.56
2528.06
2528.56
2529.06
2529.56
2530.06
2530.56
2531.06
2531.56
2532.06
2532.56
2533.06
2533.56
2534.06
2534.56
2535.06
2535.56
2536.06
2536.56
2537.06
2537.56
2538.06
2538.56
2539.06
2539.56
2540.06
2540.56
2541.06
2541.56
2542.06
2542.56
2543.06
2543.56
2544.06
2544.56
2545.06
2545.56
2546.06
2546.56
2547.06
2547.56
2548.06
2548.56
2549.06
2549.57
2550.07
2550.57
2551.07
2551.57
2552.07
2552.57
2553.07
2553.57
2554.07
2554.57
2555.07
2555.57
2556.07
2556.57
2557.07
2557.57
2558.07
2558.57
2559.07
2559.57
2560.07
2560.57
2561.07
2561.57
2562.07
2562.57
2563.07
2563.57
2564.07
2564.57
2565.07
2565.57
2566.07
2566.57
2567.07
2567.57
2568.07
2568.57
2569.07
2569.57
2570.07
2570.57
2571.07
2571.57
2572.07
2572.57
2573.07
2573.57
2574.07
2574.57
2575.07
2575.57
2576.07
2576.57
2577.07
2577.57
2578.07
2578.57
2579.07
2579.57
2580.07
2580.57
2581.07
2581.57
2582.07
2582.57
2583.07
2583.57
2584.07
2584.57
2585.07
2585.57
2586.07
2586.57
2587.07
2587.57
2588.07
2588.57
2589.07
2589.57
2590.07
2590.57
2591.07
2591.57
2592.08
2592.58
2593.08
2593.58
2594.08
2594.58
2595.08
2595.58
2596.08
2596.58
2597.08
2597.58
2598.08
2598.58
2599.08
2599.58
2600.08
2600.58
2601.08
2601.58
2602.08
2602.58
2603.08
2603.58
2604.08
2604.58
2605.08
2605.58
2606.08
2606.58
2607.08
2607.58
2608.08
2608.58
2609.08
2609.58
2610.08
2610.58
2611.08
2611.58
2612.08
2612.58
2613.08
2613.58
2614.08
2614.58
2615.08
2615.58
2616.08
2616.58
2617.08
2617.58
2618.08
2618.58
2619.08
2619.58
2620.08
2620.58
2621.08
2621.58
2622.08
2622.58
2623.08
2623.58
2624.08
2624.58
2625.08
2625.58
2626.08
2626.58
2627.08
2627.58
2628.08
2628.58
2629.08
2629.58
2630.08
2630.58
2631.08
2631.58
2632.08
2632.58
2633.08
2633.58
2634.09
2634.59
2635.09
2635.59
2636.09
2636.59
2637.09
2637.59
2638.09
2638.59
2639.09
2639.59
2640.09
2640.59
2641.09
2641.59
2642.09
2642.59
2643.09
2643.59
2644.09
2644.59
2645.09
2645.59
2646.09
2646.59
2647.09
2647.59
2648.09
2648.59
2649.09
2649.59
2650.09
2650.59
2651.09
2651.59
2652.09
2652.59
2653.09
2653.59
2654.09
2654.59
2655.09
2655.59
2656.09
2656.59
2657.09
2657.59
2658.09
2658.59
2659.09
2659.59
2660.09
2660.59
2661.09
2661.59
2662.09
2662.59
2663.09
2663.59
2664.09
2664.59
2665.09
2665.59
2666.09
2666.59
2667.09
2667.59
2668.09
2668.59
2669.09
2669.59
2670.09
2670.59
2671.09
2671.59
2672.09
2672.59
2673.09
2673.59
2674.09
2674.59
2675.09
2675.6
2676.1
2676.6
2677.1
2677.6
2678.1
2678.6
2679.1
2679.6
2680.1
2680.6
2681.1
2681.6
2682.1
2682.6
2683.1
2683.6
2684.1
2684.6
2685.1
2685.6
2686.1
2686.6
2687.1
2687.6
2688.1
2688.6
2689.1
2689.6
2690.1
2690.6
2691.1
2691.6
2692.1
2692.6
2693.1
2693.6
2694.1
2694.6
2695.1
2695.6
2696.1
2696.6
2697.1
2697.6
2698.1
2698.6
2699.1
2699.6
2700.1
2700.6
2701.1
2701.6
2702.1
2702.6
2703.1
2703.6
2704.1
2704.6
2705.1
2705.6
2706.1
2706.6
2707.1
2707.6
2708.1
2708.6
2709.1
2709.6
2710.1
2710.6
2711.1
2711.6
2712.1
2712.6
2713.1
2713.6
2714.1
2714.6
2715.1
2715.6
2716.1
2716.6
2717.11
2717.61
2718.11
2718.61
2719.11
2719.61
2720.11
2720.61
2721.11
2721.61
2722.11
2722.61
2723.11
2723.61
2724.11
2724.61
2725.11
2725.61
2726.11
2726.61
2727.11
2727.61
2728.11
2728.61
2729.11
2729.61
2730.11
2730.61
2731.11
2731.61
2732.11
2732.61
2733.11
2733.61
2734.11
2734.61
2735.11
2735.61
2736.11
2736.61
2737.11
2737.61
2738.11
2738.61
2739.11
2739.61
2740.11
2740.61
2741.11
2741.61
2742.11
2742.61
2743.11
2743.61
2744.11
2744.61
2745.11
2745.61
2746.11
2746.61
2747.11
2747.61
2748.11
2748.61
2749.11
2749.61
2750.11
2750.61
2751.11
2751.61
2752.11
2752.61
2753.11
2753.61
2754.11
2754.61
2755.11
2755.61
2756.11
2756.61
2757.11
2757.61
2758.11
2758.62
2759.12
2759.62
2760.12
2760.62
2761.12
2761.62
2762.12
2762.62
2763.12
2763.62
2764.12
2764.62
2765.12
2765.62
2766.12
2766.62
2767.12
2767.62
2768.12
2768.62
2769.12
2769.62
2770.12
2770.62
2771.12
2771.62
2772.12
2772.62
2773.12
2773.62
2774.12
2774.62
2775.12
2775.62
2776.12
2776.62
2777.12
2777.62
2778.12
2778.62
2779.12
2779.62
2780.12
2780.62
2781.12
2781.62
2782.12
2782.62
2783.12
2783.62
2784.12
2784.62
2785.12
2785.62
2786.12
2786.62
2787.12
2787.62
2788.12
2788.62
2789.12
2789.62
2790.12
2790.62
2791.12
2791.62
2792.12
2792.62
2793.12
2793.62
2794.12
2794.62
2795.12
2795.62
2796.12
2796.62
2797.12
2797.62
2798.12
2798.62
2799.12
2799.63
2800.13
2800.63
2801.13
2801.63
2802.13
2802.63
2803.13
2803.63
2804.13
2804.63
2805.13
2805.63
2806.13
2806.63
2807.13
2807.63
2808.13
2808.63
2809.13
2809.63
2810.13
2810.63
2811.13
2811.63
2812.13
2812.63
2813.13
2813.63
2814.13
2814.63
2815.13
2815.63
2816.13
2816.63
2817.13
2817.63
2818.13
2818.63
2819.13
2819.63
2820.13
2820.63
2821.13
2821.63
2822.13
2822.63
2823.13
2823.63
2824.13
2824.63
2825.13
2825.63
2826.13
2826.63
2827.13
2827.63
2828.13
2828.63
2829.13
2829.63
2830.13
2830.63
2831.13
2831.63
2832.13
2832.63
2833.13
2833.63
2834.13
2834.63
2835.13
2835.63
2836.13
2836.63
2837.13
2837.63
2838.13
2838.63
2839.13
2839.63
2840.13
2840.64
2841.14
2841.64
2842.14
2842.64
2843.14
2843.64
2844.14
2844.64
2845.14
2845.64
2846.14
2846.64
2847.14
2847.64
2848.14
2848.64
2849.14
2849.64
2850.14
2850.64
2851.14
2851.64
2852.14
2852.64
2853.14
2853.64
2854.14
2854.64
2855.14
2855.64
2856.14
2856.64
2857.14
2857.64
2858.14
2858.64
2859.14
2859.64
2860.14
2860.64
2861.14
2861.64
2862.14
2862.64
2863.14
2863.64
2864.14
2864.64
2865.14
2865.64
2866.14
2866.64
2867.14
2867.64
2868.14
2868.64
2869.14
2869.64
2870.14
2870.64
2871.14
2871.64
2872.14
2872.64
2873.14
2873.64
2874.14
2874.64
2875.14
2875.64
2876.14
2876.64
2877.14
2877.64
2878.14
2878.64
2879.14
2879.64
2880.14
2880.64
2881.15
2881.65
2882.15
2882.65
2883.15
2883.65
2884.15
2884.65
2885.15
2885.65
2886.15
2886.65
2887.15
2887.65
2888.15
2888.65
2889.15
2889.65
2890.15
2890.65
2891.15
2891.65
2892.15
2892.65
2893.15
2893.65
2894.15
2894.65
2895.15
2895.65
2896.15
2896.65
2897.15
2897.65
2898.15
2898.65
2899.15
2899.65
2900.15
2900.65
2901.15
2901.65
2902.15
2902.65
2903.15
2903.65
2904.15
2904.65
2905.15
2905.65
2906.15
2906.65
2907.15
2907.65
2908.15
2908.65
2909.15
2909.65
2910.15
2910.65
2911.15
2911.65
2912.15
2912.65
2913.15
2913.65
2914.15
2914.65
2915.15
2915.65
2916.15
2916.65
2917.15
2917.65
2918.15
2918.65
2919.15
2919.65
2920.15
2920.65
2921.15
2921.66
2922.16
2922.66
2923.16
2923.66
2924.16
2924.66
2925.16
2925.66
2926.16
2926.66
2927.16
2927.66
2928.16
2928.66
2929.16
2929.66
2930.16
2930.66
2931.16
2931.66
2932.16
2932.66
2933.16
2933.66
2934.16
2934.66
2935.16
2935.66
2936.16
2936.66
2937.16
2937.66
2938.16
2938.66
2939.16
2939.66
2940.16
2940.66
2941.16
2941.66
2942.16
2942.66
2943.16
2943.66
2944.16
2944.66
2945.16
2945.66
2946.16
2946.66
2947.16
2947.66
2948.16
2948.66
2949.16
2949.66
2950.16
2950.66
2951.16
2951.66
2952.16
2952.66
2953.16
2953.66
2954.16
2954.66
2955.16
2955.66
2956.16
2956.66
2957.16
2957.66
2958.16
2958.66
2959.16
2959.66
2960.16
2960.66
2961.16
2961.66
2962.17
2962.67
2963.17
2963.67
2964.17
2964.67
2965.17
2965.67
2966.17
2966.67
2967.17
2967.67
2968.17
2968.67
2969.17
2969.67
2970.17
2970.67
2971.17
2971.67
2972.17
2972.67
2973.17
2973.67
2974.17
2974.67
2975.17
2975.67
2976.17
2976.67
2977.17
2977.67
2978.17
2978.67
2979.17
2979.67
2980.17
2980.67
2981.17
2981.67
2982.17
2982.67
2983.17
2983.67
2984.17
2984.67
2985.17
2985.67
2986.17
2986.67
2987.17
2987.67
2988.17
2988.67
2989.17
2989.67
2990.17
2990.67
2991.17
2991.67
2992.17
2992.67
2993.17
2993.67
2994.17
2994.67
2995.17
2995.67
2996.17
2996.67
2997.17
2997.67
2998.17
2998.67
2999.17
2999.67
3000.17
3000.67
3001.17
3001.67
3002.18
3002.68
3003.18
3003.68
3004.18
3004.68
3005.18
3005.68
3006.18
3006.68
3007.18
3007.68
3008.18
3008.68
3009.18
3009.68
3010.18
3010.68
3011.18
3011.68
3012.18
3012.68
3013.18
3013.68
3014.18
3014.68
3015.18
3015.68
3016.18
3016.68
3017.18
3017.68
3018.18
3018.68
3019.18
3019.68
3020.18
3020.68
3021.18
3021.68
3022.18
3022.68
3023.18
3023.68
3024.18
3024.68
3025.18
3025.68
3026.18
3026.68
3027.18
3027.68
3028.18
3028.68
3029.18
3029.68
3030.18
3030.68
3031.18
3031.68
3032.18
3032.68
3033.18
3033.68
3034.18
3034.68
3035.18
3035.68
3036.18
3036.68
3037.18
3037.68
3038.18
3038.68
3039.18
3039.68
3040.18
3040.68
3041.18
3041.68
3042.19
3042.69
3043.19
3043.69
3044.19
3044.69
3045.19
3045.69
3046.19
3046.69
3047.19
3047.69
3048.19
3048.69
3049.19
3049.69
3050.19
3050.69
3051.19
3051.69
3052.19
3052.69
3053.19
3053.69
3054.19
3054.69
3055.19
3055.69
3056.19
3056.69
3057.19
3057.69
3058.19
3058.69
3059.19
3059.69
3060.19
3060.69
3061.19
3061.69
3062.19
3062.69
3063.19
3063.69
3064.19
3064.69
3065.19
3065.69
3066.19
3066.69
3067.19
3067.69
3068.19
3068.69
3069.19
3069.69
3070.19
3070.69
3071.19
3071.69
3072.19
3072.69
3073.19
3073.69
3074.19
3074.69
3075.19
3075.69
3076.19
3076.69
3077.19
3077.69
3078.19
3078.69
3079.19
3079.69
3080.19
3080.69
3081.19
3081.69
3082.2
3082.7
3083.2
3083.7
3084.2
3084.7
3085.2
3085.7
3086.2
3086.7
3087.2
3087.7
3088.2
3088.7
3089.2
3089.7
3090.2
3090.7
3091.2
3091.7
3092.2
3092.7
3093.2
3093.7
3094.2
3094.7
3095.2
3095.7
3096.2
3096.7
3097.2
3097.7
3098.2
3098.7
3099.2
3099.7
3100.2
3100.7
3101.2
3101.7
3102.2
3102.7
3103.2
3103.7
3104.2
3104.7
3105.2
3105.7
3106.2
3106.7
3107.2
3107.7
3108.2
3108.7
3109.2
3109.7
3110.2
3110.7
3111.2
3111.7
3112.2
3112.7
3113.2
3113.7
3114.2
3114.7
3115.2
3115.7
3116.2
3116.7
3117.2
3117.7
3118.2
3118.7
3119.2
3119.7
3120.2
3120.7
3121.2
3121.7
3122.21
3122.71
3123.21
3123.71
3124.21
3124.71
3125.21
3125.71
3126.21
3126.71
3127.21
3127.71
3128.21
3128.71
3129.21
3129.71
3130.21
3130.71
3131.21
3131.71
3132.21
3132.71
3133.21
3133.71
3134.21
3134.71
3135.21
3135.71
3136.21
3136.71
3137.21
3137.71
3138.21
3138.71
3139.21
3139.71
3140.21
3140.71
3141.21
3141.71
3142.21
3142.71
3143.21
3143.71
3144.21
3144.71
3145.21
3145.71
3146.21
3146.71
3147.21
3147.71
3148.21
3148.71
3149.21
3149.71
3150.21
3150.71
3151.21
3151.71
3152.21
3152.71
3153.21
3153.71
3154.21
3154.71
3155.21
3155.71
3156.21
3156.71
3157.21
3157.71
3158.21
3158.71
3159.21
3159.71
3160.21
3160.71
3161.21
3161.72
3162.22
3162.72
3163.22
3163.72
3164.22
3164.72
3165.22
3165.72
3166.22
3166.72
3167.22
3167.72
3168.22
3168.72
3169.22
3169.72
3170.22
3170.72
3171.22
3171.72
3172.22
3172.72
3173.22
3173.72
3174.22
3174.72
3175.22
3175.72
3176.22
3176.72
3177.22
3177.72
3178.22
3178.72
3179.22
3179.72
3180.22
3180.72
3181.22
3181.72
3182.22
3182.72
3183.22
3183.72
3184.22
3184.72
3185.22
3185.72
3186.22
3186.72
3187.22
3187.72
3188.22
3188.72
3189.22
3189.72
3190.22
3190.72
3191.22
3191.72
3192.22
3192.72
3193.22
3193.72
3194.22
3194.72
3195.22
3195.72
3196.22
3196.72
3197.22
3197.72
3198.22
3198.72
3199.22
3199.72
3200.22
3200.72
3201.23
3201.73
3202.23
3202.73
3203.23
3203.73
3204.23
3204.73
3205.23
3205.73
3206.23
3206.73
3207.23
3207.73
3208.23
3208.73
3209.23
3209.73
3210.23
3210.73
3211.23
3211.73
3212.23
3212.73
3213.23
3213.73
3214.23
3214.73
3215.23
3215.73
3216.23
3216.73
3217.23
3217.73
3218.23
3218.73
3219.23
3219.73
3220.23
3220.73
3221.23
3221.73
3222.23
3222.73
3223.23
3223.73
3224.23
3224.73
3225.23
3225.73
3226.23
3226.73
3227.23
3227.73
3228.23
3228.73
3229.23
3229.73
3230.23
3230.73
3231.23
3231.73
3232.23
3232.73
3233.23
3233.73
3234.23
3234.73
3235.23
3235.73
3236.23
3236.73
3237.23
3237.73
3238.23
3238.73
3239.23
3239.73
3240.23
3240.74
3241.24
3241.74
3242.24
3242.74
3243.24
3243.74
3244.24
3244.74
3245.24
3245.74
3246.24
3246.74
3247.24
3247.74
3248.24
3248.74
3249.24
3249.74
3250.24
3250.74
3251.24
3251.74
3252.24
3252.74
3253.24
3253.74
3254.24
3254.74
3255.24
3255.74
3256.24
3256.74
3257.24
3257.74
3258.24
3258.74
3259.24
3259.74
3260.24
3260.74
3261.24
3261.74
3262.24
3262.74
3263.24
3263.74
3264.24
3264.74
3265.24
3265.74
3266.24
3266.74
3267.24
3267.74
3268.24
3268.74
3269.24
3269.74
3270.24
3270.74
3271.24
3271.74
3272.24
3272.74
3273.24
3273.74
3274.24
3274.74
3275.24
3275.74
3276.24
3276.74
3277.24
3277.74
3278.24
3278.74
3279.24
3279.74
3280.25
3280.75
3281.25
3281.75
3282.25
3282.75
3283.25
3283.75
3284.25
3284.75
3285.25
3285.75
3286.25
3286.75
3287.25
3287.75
3288.25
3288.75
3289.25
3289.75
3290.25
3290.75
3291.25
3291.75
3292.25
3292.75
3293.25
3293.75
3294.25
3294.75
3295.25
3295.75
3296.25
3296.75
3297.25
3297.75
3298.25
3298.75
3299.25
3299.75
3300.25
3300.75
3301.25
3301.75
3302.25
3302.75
3303.25
3303.75
3304.25
3304.75
3305.25
3305.75
3306.25
3306.75
3307.25
3307.75
3308.25
3308.75
3309.25
3309.75
3310.25
3310.75
3311.25
3311.75
3312.25
3312.75
3313.25
3313.75
3314.25
3314.75
3315.25
3315.75
3316.25
3316.75
3317.25
3317.75
3318.25
3318.75
3319.25
3319.76
3320.26
3320.76
3321.26
3321.76
3322.26
3322.76
3323.26
3323.76
3324.26
3324.76
3325.26
3325.76
3326.26
3326.76
3327.26
3327.76
3328.26
3328.76
3329.26
3329.76
3330.26
3330.76
3331.26
3331.76
3332.26
3332.76
3333.26
3333.76
3334.26
3334.76
3335.26
3335.76
3336.26
3336.76
3337.26
3337.76
3338.26
3338.76
3339.26
3339.76
3340.26
3340.76
3341.26
3341.76
3342.26
3342.76
3343.26
3343.76
3344.26
3344.76
3345.26
3345.76
3346.26
3346.76
3347.26
3347.76
3348.26
3348.76
3349.26
3349.76
3350.26
3350.76
3351.26
3351.76
3352.26
3352.76
3353.26
3353.76
3354.26
3354.76
3355.26
3355.76
3356.26
3356.76
3357.26
3357.76
3358.26
3358.77
3359.27
3359.77
3360.27
3360.77
3361.27
3361.77
3362.27
3362.77
3363.27
3363.77
3364.27
3364.77
3365.27
3365.77
3366.27
3366.77
3367.27
3367.77
3368.27
3368.77
3369.27
3369.77
3370.27
3370.77
3371.27
3371.77
3372.27
3372.77
3373.27
3373.77
3374.27
3374.77
3375.27
3375.77
3376.27
3376.77
3377.27
3377.77
3378.27
3378.77
3379.27
3379.77
3380.27
3380.77
3381.27
3381.77
3382.27
3382.77
3383.27
3383.77
3384.27
3384.77
3385.27
3385.77
3386.27
3386.77
3387.27
3387.77
3388.27
3388.77
3389.27
3389.77
3390.27
3390.77
3391.27
3391.77
3392.27
3392.77
3393.27
3393.77
3394.27
3394.77
3395.27
3395.77
3396.27
3396.77
3397.27
3397.77
3398.28
3398.78
3399.28
3399.78
3400.28
3400.78
3401.28
3401.78
3402.28
3402.78
3403.28
3403.78
3404.28
3404.78
3405.28
3405.78
3406.28
3406.78
3407.28
3407.78
3408.28
3408.78
3409.28
3409.78
3410.28
3410.78
3411.28
3411.78
3412.28
3412.78
3413.28
3413.78
3414.28
3414.78
3415.28
3415.78
3416.28
3416.78
3417.28
3417.78
3418.28
3418.78
3419.28
3419.78
3420.28
3420.78
3421.28
3421.78
3422.28
3422.78
3423.28
3423.78
3424.28
3424.78
3425.28
3425.78
3426.28
3426.78
3427.28
3427.78
3428.28
3428.78
3429.28
3429.78
3430.28
3430.78
3431.28
3431.78
3432.28
3432.78
3433.28
3433.78
3434.28
3434.78
3435.28
3435.78
3436.28
3436.78
3437.29
3437.79
3438.29
3438.79
3439.29
3439.79
3440.29
3440.79
3441.29
3441.79
3442.29
3442.79
3443.29
3443.79
3444.29
3444.79
3445.29
3445.79
3446.29
3446.79
3447.29
3447.79
3448.29
3448.79
3449.29
3449.79
3450.29
3450.79
3451.29
3451.79
3452.29
3452.79
3453.29
3453.79
3454.29
3454.79
3455.29
3455.79
3456.29
3456.79
3457.29
3457.79
3458.29
3458.79
3459.29
3459.79
3460.29
3460.79
3461.29
3461.79
3462.29
3462.79
3463.29
3463.79
3464.29
3464.79
3465.29
3465.79
3466.29
3466.79
3467.29
3467.79
3468.29
3468.79
3469.29
3469.79
3470.29
3470.79
3471.29
3471.79
3472.29
3472.79
3473.29
3473.79
3474.29
3474.79
3475.29
3475.79
3476.3
3476.8
3477.3
3477.8
3478.3
3478.8
3479.3
3479.8
3480.3
3480.8
3481.3
3481.8
3482.3
3482.8
3483.3
3483.8
3484.3
3484.8
3485.3
3485.8
3486.3
3486.8
3487.3
3487.8
3488.3
3488.8
3489.3
3489.8
3490.3
3490.8
3491.3
3491.8
3492.3
3492.8
3493.3
3493.8
3494.3
3494.8
3495.3
3495.8
3496.3
3496.8
3497.3
3497.8
3498.3
3498.8
3499.3
3499.8
3500.3
3500.8
3501.3
3501.8
3502.3
3502.8
3503.3
3503.8
3504.3
3504.8
3505.3
3505.8
3506.3
3506.8
3507.3
3507.8
3508.3
3508.8
3509.3
3509.8
3510.3
3510.8
3511.3
3511.8
3512.3
3512.8
3513.3
3513.8
3514.3
3514.8
3515.31
3515.81
3516.31
3516.81
3517.31
3517.81
3518.31
3518.81
3519.31
3519.81
3520.31
3520.81
3521.31
3521.81
3522.31
3522.81
3523.31
3523.81
3524.31
3524.81
3525.31
3525.81
3526.31
3526.81
3527.31
3527.81
3528.31
3528.81
3529.31
3529.81
3530.31
3530.81
3531.31
3531.81
3532.31
3532.81
3533.31
3533.81
3534.31
3534.81
3535.31
3535.81
3536.31
3536.81
3537.31
3537.81
3538.31
3538.81
3539.31
3539.81
3540.31
3540.81
3541.31
3541.81
3542.31
3542.81
3543.31
3543.81
3544.31
3544.81
3545.31
3545.81
3546.31
3546.81
3547.31
3547.81
3548.31
3548.81
3549.31
3549.81
3550.31
3550.81
3551.31
3551.81
3552.31
3552.81
3553.31
3553.82
3554.32
3554.82
3555.32
3555.82
3556.32
3556.82
3557.32
3557.82
3558.32
3558.82
3559.32
3559.82
3560.32
3560.82
3561.32
3561.82
3562.32
3562.82
3563.32
3563.82
3564.32
3564.82
3565.32
3565.82
3566.32
3566.82
3567.32
3567.82
3568.32
3568.82
3569.32
3569.82
3570.32
3570.82
3571.32
3571.82
3572.32
3572.82
3573.32
3573.82
3574.32
3574.82
3575.32
3575.82
3576.32
3576.82
3577.32
3577.82
3578.32
3578.82
3579.32
3579.82
3580.32
3580.82
3581.32
3581.82
3582.32
3582.82
3583.32
3583.82
3584.32
3584.82
3585.32
3585.82
3586.32
3586.82
3587.32
3587.82
3588.32
3588.82
3589.32
3589.82
3590.32
3590.82
3591.32
3591.82
3592.32
3592.83
3593.33
3593.83
3594.33
3594.83
3595.33
3595.83
3596.33
3596.83
3597.33
3597.83
3598.33
3598.83
3599.33
3599.83
3600.33
3600.83
3601.33
3601.83
3602.33
3602.83
3603.33
3603.83
3604.33
3604.83
3605.33
3605.83
3606.33
3606.83
3607.33
3607.83
3608.33
3608.83
3609.33
3609.83
3610.33
3610.83
3611.33
3611.83
3612.33
3612.83
3613.33
3613.83
3614.33
3614.83
3615.33
3615.83
3616.33
3616.83
3617.33
3617.83
3618.33
3618.83
3619.33
3619.83
3620.33
3620.83
3621.33
3621.83
3622.33
3622.83
3623.33
3623.83
3624.33
3624.83
3625.33
3625.83
3626.33
3626.83
3627.33
3627.83
3628.33
3628.83
3629.33
3629.83
3630.33
3630.83
3631.34
3631.84
3632.34
3632.84
3633.34
3633.84
3634.34
3634.84
3635.34
3635.84
3636.34
3636.84
3637.34
3637.84
3638.34
3638.84
3639.34
3639.84
3640.34
3640.84
3641.34
3641.84
3642.34
3642.84
3643.34
3643.84
3644.34
3644.84
3645.34
3645.84
3646.34
3646.84
3647.34
3647.84
3648.34
3648.84
3649.34
3649.84
3650.34
3650.84
3651.34
3651.84
3652.34
3652.84
3653.34
3653.84
3654.34
3654.84
3655.34
3655.84
3656.34
3656.84
3657.34
3657.84
3658.34
3658.84
3659.34
3659.84
3660.34
3660.84
3661.34
3661.84
3662.34
3662.84
3663.34
3663.84
3664.34
3664.84
3665.34
3665.84
3666.34
3666.84
3667.34
3667.84
3668.34
3668.84
3669.34
3669.84
3670.35
3670.85
3671.35
3671.85
3672.35
3672.85
3673.35
3673.85
3674.35
3674.85
3675.35
3675.85
3676.35
3676.85
3677.35
3677.85
3678.35
3678.85
3679.35
3679.85
3680.35
3680.85
3681.35
3681.85
3682.35
3682.85
3683.35
3683.85
3684.35
3684.85
3685.35
3685.85
3686.35
3686.85
3687.35
3687.85
3688.35
3688.85
3689.35
3689.85
3690.35
3690.85
3691.35
3691.85
3692.35
3692.85
3693.35
3693.85
3694.35
3694.85
3695.35
3695.85
3696.35
3696.85
3697.35
3697.85
3698.35
3698.85
3699.35
3699.85
3700.35
3700.85
3701.35
3701.85
3702.35
3702.85
3703.35
3703.85
3704.35
3704.85
3705.35
3705.85
3706.35
3706.85
3707.35
3707.85
3708.35
3708.86
3709.36
3709.86
3710.36
3710.86
3711.36
3711.86
3712.36
3712.86
3713.36
3713.86
3714.36
3714.86
3715.36
3715.86
3716.36
3716.86
3717.36
3717.86
3718.36
3718.86
3719.36
3719.86
3720.36
3720.86
3721.36
3721.86
3722.36
3722.86
3723.36
3723.86
3724.36
3724.86
3725.36
3725.86
3726.36
3726.86
3727.36
3727.86
3728.36
3728.86
3729.36
3729.86
3730.36
3730.86
3731.36
3731.86
3732.36
3732.86
3733.36
3733.86
3734.36
3734.86
3735.36
3735.86
3736.36
3736.86
3737.36
3737.86
3738.36
3738.86
3739.36
3739.86
3740.36
3740.86
3741.36
3741.86
3742.36
3742.86
3743.36
3743.86
3744.36
3744.86
3745.36
3745.86
3746.36
3746.86
3747.37
3747.87
3748.37
3748.87
3749.37
3749.87
3750.37
3750.87
3751.37
3751.87
3752.37
3752.87
3753.37
3753.87
3754.37
3754.87
3755.37
3755.87
3756.37
3756.87
3757.37
3757.87
3758.37
3758.87
3759.37
3759.87
3760.37
3760.87
3761.37
3761.87
3762.37
3762.87
3763.37
3763.87
3764.37
3764.87
3765.37
3765.87
3766.37
3766.87
3767.37
3767.87
3768.37
3768.87
3769.37
3769.87
3770.37
3770.87
3771.37
3771.87
3772.37
3772.87
3773.37
3773.87
3774.37
3774.87
3775.37
3775.87
3776.37
3776.87
3777.37
3777.87
3778.37
3778.87
3779.37
3779.87
3780.37
3780.87
3781.37
3781.87
3782.37
3782.87
3783.37
3783.87
3784.37
3784.87
3785.37
3785.88
3786.38
3786.88
3787.38
3787.88
3788.38
3788.88
3789.38
3789.88
3790.38
3790.88
3791.38
3791.88
3792.38
3792.88
3793.38
3793.88
3794.38
3794.88
3795.38
3795.88
3796.38
3796.88
3797.38
3797.88
3798.38
3798.88
3799.38
3799.88
3800.38
3800.88
3801.38
3801.88
3802.38
3802.88
3803.38
3803.88
3804.38
3804.88
3805.38
3805.88
3806.38
3806.88
3807.38
3807.88
3808.38
3808.88
3809.38
3809.88
3810.38
3810.88
3811.38
3811.88
3812.38
3812.88
3813.38
3813.88
3814.38
3814.88
3815.38
3815.88
3816.38
3816.88
3817.38
3817.88
3818.38
3818.88
3819.38
3819.88
3820.38
3820.88
3821.38
3821.88
3822.38
3822.88
3823.38
3823.88
3824.39
3824.89
3825.39
3825.89
3826.39
3826.89
3827.39
3827.89
3828.39
3828.89
3829.39
3829.89
3830.39
3830.89
3831.39
3831.89
3832.39
3832.89
3833.39
3833.89
3834.39
3834.89
3835.39
3835.89
3836.39
3836.89
3837.39
3837.89
3838.39
3838.89
3839.39
3839.89
3840.39
3840.89
3841.39
3841.89
3842.39
3842.89
3843.39
3843.89
3844.39
3844.89
3845.39
3845.89
3846.39
3846.89
3847.39
3847.89
3848.39
3848.89
3849.39
3849.89
3850.39
3850.89
3851.39
3851.89
3852.39
3852.89
3853.39
3853.89
3854.39
3854.89
3855.39
3855.89
3856.39
3856.89
3857.39
3857.89
3858.39
3858.89
3859.39
3859.89
3860.39
3860.89
3861.39
3861.89
3862.39
3862.9
3863.4
3863.9
3864.4
3864.9
3865.4
3865.9
3866.4
3866.9
3867.4
3867.9
3868.4
3868.9
3869.4
3869.9
3870.4
3870.9
3871.4
3871.9
3872.4
3872.9
3873.4
3873.9
3874.4
3874.9
3875.4
3875.9
3876.4
3876.9
3877.4
3877.9
3878.4
3878.9
3879.4
3879.9
3880.4
3880.9
3881.4
3881.9
3882.4
3882.9
3883.4
3883.9
3884.4
3884.9
3885.4
3885.9
3886.4
3886.9
3887.4
3887.9
3888.4
3888.9
3889.4
3889.9
3890.4
3890.9
3891.4
3891.9
3892.4
3892.9
3893.4
3893.9
3894.4
3894.9
3895.4
3895.9
3896.4
3896.9
3897.4
3897.9
3898.4
3898.9
3899.4
3899.9
3900.4
3900.9
3901.41
3901.91
3902.41
3902.91
3903.41
3903.91
3904.41
3904.91
3905.41
3905.91
3906.41
3906.91
3907.41
3907.91
3908.41
3908.91
3909.41
3909.91
3910.41
3910.91
3911.41
3911.91
3912.41
3912.91
3913.41
3913.91
3914.41
3914.91
3915.41
3915.91
3916.41
3916.91
3917.41
3917.91
3918.41
3918.91
3919.41
3919.91
3920.41
3920.91
3921.41
3921.91
3922.41
3922.91
3923.41
3923.91
3924.41
3924.91
3925.41
3925.91
3926.41
3926.91
3927.41
3927.91
3928.41
3928.91
3929.41
3929.91
3930.41
3930.91
3931.41
3931.91
3932.41
3932.91
3933.41
3933.91
3934.41
3934.91
3935.41
3935.91
3936.41
3936.91
3937.41
3937.91
3938.41
3938.91
3939.41
3939.92
3940.42
3940.92
3941.42
3941.92
3942.42
3942.92
3943.42
3943.92
3944.42
3944.92
3945.42
3945.92
3946.42
3946.92
3947.42
3947.92
3948.42
3948.92
3949.42
3949.92
3950.42
3950.92
3951.42
3951.92
3952.42
3952.92
3953.42
3953.92
3954.42
3954.92
3955.42
3955.92
3956.42
3956.92
3957.42
3957.92
3958.42
3958.92
3959.42
3959.92
3960.42
3960.92
3961.42
3961.92
3962.42
3962.92
3963.42
3963.92
3964.42
3964.92
3965.42
3965.92
3966.42
3966.92
3967.42
3967.92
3968.42
3968.92
3969.42
3969.92
3970.42
3970.92
3971.42
3971.92
3972.42
3972.92
3973.42
3973.92
3974.42
3974.92
3975.42
3975.92
3976.42
3976.92
3977.42
3977.93
3978.43
3978.93
3979.43
3979.93
3980.43
3980.93
3981.43
3981.93
3982.43
3982.93
3983.43
3983.93
3984.43
3984.93
3985.43
3985.93
3986.43
3986.93
3987.43
3987.93
3988.43
3988.93
3989.43
3989.93
3990.43
3990.93
3991.43
3991.93
3992.43
3992.93
3993.43
3993.93
3994.43
3994.93
3995.43
3995.93
3996.43
3996.93
3997.43
3997.93
3998.43
3998.93
3999.43
3999.93
4000.43
4000.93
4001.43
4001.93
4002.43
4002.93
4003.43
4003.93
4004.43
4004.93
4005.43
4005.93
4006.43
4006.93
4007.43
4007.93
4008.43
4008.93
4009.43
4009.93
4010.43
4010.93
4011.43
4011.93
4012.43
4012.93
4013.43
4013.93
4014.43
4014.93
4015.43
4015.93
4016.44
4016.94
4017.44
4017.94
4018.44
4018.94
4019.44
4019.94
