      308.221      310.319      311.998      312.418      313.677      314.936
      315.776      317.035      317.874      319.973      320.812      321.651
      325.009      327.947      328.786      330.885      360.150      360.150
      360.150      360.150      360.150      360.150

      308.301      310.400      312.079      312.499      313.759      315.019
      315.858      317.118      317.958      320.057      320.897      321.737
      325.095      328.034      328.874      330.973      360.150      360.150
      360.150      360.150      360.150      360.150

      308.364      310.464      312.144      312.564      313.824      315.083
      315.923      317.183      318.023      320.123      320.963      321.803
      325.163      328.103      328.942      360.150      360.150      360.150
      360.150      360.150      360.150      360.150

      308.404      310.504      312.184      312.604      313.865      315.125
      315.965      317.225      318.065      320.165      321.005      321.845
      325.205      328.146      328.986      360.150      360.150      360.150
      360.150      360.150      360.150      360.150

      308.418      310.518      312.199      312.619      313.879      315.139
      315.979      317.239      318.079      320.180      321.020      321.860
      325.220      328.160      329.000      360.150      360.150      360.150
      360.150      360.150      360.150      360.150

