-2.00-1.90-1.80-1.70-1.60-1.50-1.40-1.30-1.20-1.10
-1.00-0.90-0.80-0.70-0.60-0.50-0.40-0.30-0.20-0.10
 0.00 0.10 0.20 0.30 0.40 0.50 0.60 0.70 0.80 0.90
 1.00 1.10 1.20 1.30 1.40 1.50 1.60 1.70 1.80 1.90
 2.00
 0.000000868 0.000000915 0.000000946 0.000000954 0.000000971 0.000000983 0.000000989 0.000000994 0.000000995 0.000000991
 0.000000986 0.000000980 0.000000942 0.000000896 0.000000882 0.000000845 0.000000829 0.000000759 0.000419165 0.000434189
 0.000460549 0.000487429
 0.000003531 0.000003700 0.000003812 0.000003840 0.000003898 0.000003940 0.000003960 0.000003977 0.000003982 0.000003965
 0.000003946 0.000003924 0.000003786 0.000003615 0.000003567 0.000003441 0.000003385 0.000003127 0.001245453 0.001258437
 0.001287565 0.001321328
 0.000013285 0.000013841 0.000014201 0.000014292 0.000014476 0.000014606 0.000014668 0.000014719 0.000014728 0.000014667
 0.000014600 0.000014524 0.000014057 0.000013485 0.000013324 0.000012878 0.000012688 0.000011824 0.002383403 0.002402695
 0.002448108 0.002502389
 0.000046226 0.000047884 0.000048939 0.000049204 0.000049729 0.000050087 0.000050254 0.000050379 0.000050382 0.000050157
 0.000049940 0.000049696 0.000048234 0.000046467 0.000045971 0.000044591 0.000044008 0.000041343 0.004554527 0.004579144
 0.004642598 0.004721866
 0.000149086 0.000153595 0.000156385 0.000157080 0.000158420 0.000159287 0.000159677 0.000159905 0.000159820 0.000159045
 0.000158378 0.000157646 0.000153401 0.000148361 0.000146953 0.000143046 0.000141400 0.000133859 0.008354023 0.008379849
 0.008458900 0.008564842
 0.000445997 0.000457154 0.000463804 0.000465443 0.000468470 0.000470266 0.000471011 0.000471200 0.000470669 0.000468192
 0.000466269 0.000464218 0.000452767 0.000439497 0.000435814 0.000425641 0.000421370 0.000401780 0.014799591 0.014815576
 0.014896752 0.015021006
 0.001237967 0.001263042 0.001277260 0.001280706 0.001286665 0.001289660 0.001290677 0.001289965 0.001287788 0.001280499
 0.001275338 0.001269992 0.001241325 0.001209061 0.001200193 0.001175824 0.001165646 0.001118943 0.025295299 0.025279995
 0.025332117 0.025449172
 0.003189260 0.003240376 0.003267457 0.003273848 0.003283756 0.003287079 0.003287380 0.003282850 0.003275728 0.003256144
 0.003243312 0.003230388 0.003163893 0.003091504 0.003071838 0.003018167 0.002995895 0.002893749 0.041715469 0.041633692
 0.041600626 0.041659184
 0.007627534 0.007721891 0.007767392 0.007777669 0.007790611 0.007790047 0.007786309 0.007770468 0.007750770 0.007703025
 0.007673655 0.007644815 0.007502284 0.007352564 0.007312441 0.007203819 0.007159097 0.006954249 0.066368237 0.066169903
 0.065966472 0.065883435
 0.016939610 0.017097065 0.017163444 0.017177299 0.017187411 0.017171977 0.017156400 0.017113667 0.017066456 0.016961308
 0.016899802 0.016840713 0.016559409 0.016274493 0.016199283 0.015997522 0.015915206 0.015538872 0.101852976 0.101476118
 0.100991100 0.100652143
 0.034944728 0.035181817 0.035263468 0.035277896 0.035270959 0.035219546 0.035177842 0.035081651 0.034982461 0.034774031
 0.034656834 0.034546264 0.034037299 0.033539817 0.033410579 0.033067275 0.032928631 0.032296255 0.150755107 0.150134876
 0.149244934 0.148516566
 0.066988118 0.067309499 0.067388669 0.067396916 0.067349084 0.067230247 0.067141756 0.066955626 0.066771857 0.066401102
 0.066199005 0.066011041 0.065171063 0.064377069 0.064174153 0.063640602 0.063427471 0.062457945 0.215171069 0.214255169
 0.212851241 0.211606845
 0.119397938 0.119788706 0.119836219 0.119828343 0.119710423 0.119488977 0.119331151 0.119017385 0.118716434 0.118126519
 0.117812723 0.117524095 0.116266824 0.115114242 0.114824474 0.114070319 0.113772504 0.112421609 0.296096504 0.294864416
 0.292887717 0.291045576
 0.198018909 0.198442325 0.198425919 0.198391706 0.198180154 0.197831795 0.197589695 0.197126418 0.196690783 0.195854500
 0.195418313 0.195020348 0.193325162 0.191813514 0.191439629 0.190476283 0.190100342 0.188400254 0.392772019 0.391253531
 0.388732344 0.386297286
 0.305876076 0.306279480 0.306177676 0.306111395 0.305802792 0.305331886 0.305009633 0.304410249 0.303854406 0.302803904
 0.302264929 0.301776081 0.299734950 0.297960222 0.297528505 0.296427041 0.296002388 0.294088900 0.502139390 0.500424862
 0.497498661 0.494593263
 0.440571189 0.440899074 0.440713733 0.440618545 0.440239310 0.439689785 0.439317346 0.438640833 0.438019842 0.436860710
 0.436274737 0.435745656 0.433577687 0.431738079 0.431298524 0.430188239 0.429765791 0.427870810 0.618589640 0.616825342
 0.613743305 0.610612690
 0.592492163 0.592702746 0.592462897 0.592351615 0.591955662 0.591405213 0.591034412 0.590376139 0.589776397 0.588669956
 0.588118792 0.587623060 0.585631788 0.583985686 0.583600760 0.582639337 0.582279086 0.580674529 0.734167039 0.732532620
 0.729617715 0.726597846
 0.744953454 0.745034099 0.744787812 0.744680345 0.744332731 0.743869126 0.743558228 0.743019879 0.742532551 0.741645396
 0.741210878 0.740821838 0.739296317 0.738076627 0.737800062 0.737119198 0.736869395 0.735771298 0.839310706 0.837981403
 0.835564017 0.833014190
 0.876800656 0.876778781 0.876578748 0.876495540 0.876250565 0.875939846 0.875732183 0.875383973 0.875070810 0.874511421
 0.874243557 0.874005675 0.873104572 0.872421563 0.872274756 0.871922672 0.871798277 0.871268272 0.924084604 0.923187613
 0.921524465 0.919739366
 0.967021406 0.966964364 0.966853201 0.966809273 0.966692209 0.966553748 0.966461658 0.966314316 0.966183007 0.965955853
 0.965851068 0.965759516 0.965434372 0.965214849 0.965173781 0.965082407 0.965053976 0.964947462 0.979697764 0.979276896
 0.978479624 0.977608383
 1.000000000 1.000000000 1.000000000 1.000000000 1.000000000 1.000000000 1.000000000 1.000000000 1.000000000 1.000000000
 1.000000000 1.000000000 1.000000000 1.000000000 1.000000000 1.000000000 1.000000000 1.000000000 1.000000000 1.000000000
 1.000000000 1.000000000
 0.969695807 0.969839454 0.969946265 0.969982922 0.970057368 0.970121801 0.970163167 0.970212817 0.970253229 0.970303357
 0.970315993 0.970322251 0.970283866 0.970175803 0.970135272 0.970016956 0.969964147 0.969696879 0.982603073 0.982881784
 0.983443856 0.984088242
 0.881339550 0.881672800 0.881854832 0.881910861 0.881999016 0.882039428 0.882061958 0.882053971 0.882036328 0.881951809
 0.881884813 0.881813109 0.881396949 0.880895376 0.880747259 0.880342126 0.880173504 0.879356205 0.929343998 0.929708481
 0.930492520 0.931430519
 0.750059485 0.750566900 0.750772953 0.750826538 0.750868261 0.750812054 0.750766456 0.750621200 0.750472903 0.750126779
 0.749920428 0.749718368 0.748732150 0.747700393 0.747417808 0.746663392 0.746357739 0.744908750 0.845966041 0.846222222
 0.846872032 0.847723484
 0.596873462 0.597484529 0.597660601 0.597692966 0.597648501 0.597461879 0.597325981 0.597016513 0.596714437 0.596077859
 0.595723927 0.595387101 0.593846142 0.592337430 0.591940999 0.590897441 0.590481222 0.588539243 0.741094470 0.741093457
 0.741325200 0.741776705
 0.443377644 0.443997294 0.444106042 0.444107860 0.443970352 0.443666816 0.443450779 0.443007231 0.442581624 0.441725105
 0.441264778 0.440834343 0.438935190 0.437154591 0.436700225 0.435516149 0.435049027 0.432898879 0.624759674 0.624428570
 0.624090254 0.623963416
 0.306897134 0.307442337 0.307474613 0.307448387 0.307243019 0.306872874 0.306612223 0.306104779 0.305622488 0.304679453
 0.304183304 0.303725302 0.301754773 0.299967259 0.299521744 0.298369914 0.297919482 0.295871466 0.506821096 0.506169140
 0.505257726 0.504531503
 0.197595522 0.198019519 0.197991982 0.197948769 0.197718844 0.197346061 0.197085276 0.196594059 0.196130276 0.195241913
 0.194781572 0.194360986 0.192586079 0.191019103 0.190636232 0.189653128 0.189271450 0.187556207 0.395631433 0.394734979
 0.393371075 0.392158478
 0.118148766 0.118444249 0.118386135 0.118339196 0.118126929 0.117804803 0.117580436 0.117167249 0.116779082 0.116047204
 0.115672313 0.115332790 0.113921732 0.112704299 0.112411924 0.111665577 0.111377634 0.110097595 0.297182083 0.296154320
 0.294530690 0.293025076
 0.065516382 0.065703101 0.065641299 0.065600798 0.065433033 0.065189593 0.065020531 0.064714171 0.064427510 0.063893683
 0.063622698 0.063379101 0.062379215 0.061533235 0.061333079 0.060824677 0.060629565 0.059770878 0.214812800 0.213771820
 0.212094620 0.210507452
 0.033655513 0.033763710 0.033714212 0.033684772 0.033569105 0.033406433 0.033293672 0.033091716 0.032903332 0.032555945
 0.032380853 0.032224450 0.031588875 0.031059857 0.030936277 0.030623637 0.030504165 0.029983131 0.149424598 0.148467585
 0.146909222 0.145419627
 0.016002450 0.016060557 0.016027942 0.016009444 0.015939105 0.015842317 0.015775288 0.015656233 0.015545442 0.015342695
 0.015241073 0.015150764 0.014786704 0.014487678 0.014418556 0.014244216 0.014177804 0.013890465 0.100031264 0.099220544
 0.097893611 0.096619956
 0.007038772 0.007067949 0.007049666 0.007039475 0.007001480 0.006949952 0.006914264 0.006851239 0.006792681 0.006686129
 0.006632949 0.006585881 0.006397293 0.006243972 0.006208824 0.006120345 0.006086708 0.005942143 0.064452030 0.063813277
 0.062766321 0.061761104
 0.002863189 0.002876968 0.002868113 0.002863150 0.002844829 0.002820191 0.002803107 0.002773046 0.002745134 0.002694547
 0.002669374 0.002647161 0.002558547 0.002487024 0.002470729 0.002429739 0.002414169 0.002347607 0.039973129 0.039502155
 0.038731232 0.037992902
 0.001076960 0.001083091 0.001079362 0.001077213 0.001069297 0.001058685 0.001051309 0.001038351 0.001026317 0.001004558
 0.000993749 0.000984230 0.000946357 0.000915921 0.000909015 0.000891636 0.000885032 0.000856915 0.023866005 0.023539621
 0.023007253 0.022499781
 0.000374604 0.000377167 0.000375801 0.000374970 0.000371897 0.000367768 0.000364888 0.000359827 0.000355121 0.000346618
 0.000342397 0.000338683 0.000323922 0.000312078 0.000309396 0.000302639 0.000300067 0.000289147 0.013719413 0.013506167
 0.013160194 0.012832531
 0.000120515 0.000121518 0.000121085 0.000120798 0.000119722 0.000118268 0.000117248 0.000115453 0.000113779 0.000110752
 0.000109249 0.000107926 0.000102667 0.000098443 0.000097487 0.000095072 0.000094151 0.000090247 0.007593796 0.007462128
 0.007250002 0.007050712
 0.000035869 0.000036233 0.000036117 0.000036028 0.000035688 0.000035223 0.000034895 0.000034315 0.000033772 0.000032788
 0.000032298 0.000031867 0.000030150 0.000028767 0.000028454 0.000027659 0.000027356 0.000026069 0.004050015 0.003973085
 0.003850166 0.003735746
 0.000009875 0.000009997 0.000009971 0.000009947 0.000009850 0.000009714 0.000009618 0.000009447 0.000009286 0.000008993
 0.000008847 0.000008719 0.000008204 0.000007788 0.000007693 0.000007453 0.000007360 0.000006970 0.002074718 0.002031993
 0.001964457 0.001902304
 0.000002515 0.000002552 0.000002548 0.000002542 0.000002517 0.000002481 0.000002455 0.000002409 0.000002365 0.000002286
 0.000002246 0.000002210 0.000002069 0.000001953 0.000001927 0.000001860 0.000001834 0.000001724 0.001041683 0.001019727
 0.000985242 0.000953736
 0.000000592 0.000000603 0.000000602 0.000000601 0.000000595 0.000000586 0.000000580 0.000000569 0.000000558 0.000000538
 0.000000528 0.000000519 0.000000483 0.000000454 0.000000447 0.000000430 0.000000423 0.000000395 0.000347567 0.000330073
 0.000303568 0.000279988
 0.472941369 0.000000273 0.000000284 0.000000286 0.000000292 0.000000297 0.000000299 0.000000301 0.000000302 0.000000302
 0.000000302 0.000000300 0.000000291 0.000000278 0.000000274 0.000000263 0.000000259 0.000000237 0.000000196 0.000341428
 0.000351300 0.000363840
 0.661929727 0.000001219 0.000001262 0.000001269 0.000001295 0.000001312 0.000001320 0.000001330 0.000001333 0.000001332
 0.000001329 0.000001322 0.000001284 0.000001234 0.000001216 0.000001173 0.000001155 0.000001068 0.000000912 0.001104873
 0.001107554 0.001120775
 0.840457976 0.000004962 0.000005118 0.000005141 0.000005234 0.000005292 0.000005319 0.000005349 0.000005360 0.000005350
 0.000005336 0.000005310 0.000005170 0.000004986 0.000004922 0.000004764 0.000004697 0.000004382 0.000003835 0.002153732
 0.002153444 0.002171172
 1.000000000 0.000018681 0.000019196 0.000019271 0.000019569 0.000019750 0.000019832 0.000019918 0.000019941 0.000019885
 0.000019831 0.000019732 0.000019215 0.000018587 0.000018370 0.000017842 0.000017617 0.000016570 0.000014793 0.004186928
 0.004176581 0.004196372
 0.969362855 0.000065058 0.000066610 0.000066828 0.000067696 0.000068200 0.000068417 0.000068623 0.000068645 0.000068392
 0.000068195 0.000067859 0.000066174 0.000064201 0.000063529 0.000061900 0.000061208 0.000058007 0.000052618 0.007799572
 0.007765383 0.007778517
 0.977572262 0.000209885 0.000214145 0.000214725 0.000217008 0.000218259 0.000218753 0.000219153 0.000219051 0.000218077
 0.000217420 0.000216360 0.000211296 0.000205580 0.000203661 0.000199042 0.000197093 0.000188115 0.000172687 0.014008389
 0.013926027 0.013913562
 0.975372791 0.000627384 0.000638018 0.000639415 0.000644820 0.000647549 0.000648486 0.000648980 0.000648245 0.000644955
 0.000642960 0.000639888 0.000625855 0.000610612 0.000605575 0.000593540 0.000588500 0.000565414 0.000523358 0.024233039
 0.024063921 0.023991289
 0.975962400 0.001737852 0.001761945 0.001764969 0.001776433 0.001781548 0.001782861 0.001782610 0.001779623 0.001769794
 0.001764276 0.001756120 0.001720364 0.001682991 0.001670848 0.001642077 0.001630121 0.001575739 0.001466197 0.040381167
 0.040070184 0.039882697
 0.975804627 0.004461221 0.004510636 0.004516488 0.004538085 0.004545942 0.004546626 0.004542703 0.004533269 0.004507124
 0.004493278 0.004473503 0.004389967 0.004305887 0.004279048 0.004216022 0.004190056 0.004072838 0.003801161 0.064814158
 0.064290874 0.063912302
 0.975847125 0.010613927 0.010705381 0.010715418 0.010751080 0.010759687 0.010756400 0.010741406 0.010716409 0.010654301
 0.010622852 0.010579212 0.010400839 0.010227717 0.010173447 0.010047188 0.009995642 0.009764869 0.009129586 0.100198656
 0.099384315 0.098721705
 0.975835919 0.023404280 0.023556314 0.023571352 0.023621777 0.023623861 0.023608960 0.023568006 0.023510788 0.023378856
 0.023314347 0.023226991 0.022880161 0.022554951 0.022454858 0.022224180 0.022130903 0.021716921 0.020334797 0.149187759
 0.148009375 0.146966681
 0.975839078 0.047833428 0.048058983 0.048078135 0.048136219 0.048116218 0.048076175 0.047985006 0.047870323 0.047619808
 0.047500651 0.047342654 0.046731092 0.046175983 0.046008240 0.045625292 0.045471955 0.044797596 0.042038031 0.213925168
 0.212336153 0.210837156
 0.975838363 0.090618789 0.090914406 0.090933941 0.090980954 0.090914547 0.090830706 0.090658084 0.090455681 0.090031184
 0.089833707 0.089576669 0.088603646 0.087747090 0.087492958 0.086918175 0.086690322 0.085697666 0.080703743 0.295410395
 0.293413818 0.291431069
 0.975838661 0.159150437 0.159486979 0.159500107 0.159506500 0.159365967 0.159219548 0.158936918 0.158622012 0.157982364
 0.157690197 0.157316208 0.155928239 0.154741570 0.154395968 0.153621420 0.153317526 0.152006477 0.143905774 0.392828166
 0.390495867 0.388078302
 0.975838661 0.259163290 0.259485602 0.259484202 0.259418309 0.259184748 0.258966565 0.258564323 0.258133709 0.257281721
 0.256898612 0.256415904 0.254656345 0.253194511 0.252776831 0.251849294 0.251489252 0.249952212 0.238301173 0.503002644
 0.500481725 0.497769922
 0.975838780 0.391387135 0.391628414 0.391606539 0.391450375 0.391129166 0.390850067 0.390353888 0.389840454 0.388847560
 0.388407260 0.387861222 0.385904640 0.384326577 0.383884907 0.382913440 0.382540703 0.380968124 0.366296351 0.620164514
 0.617664337 0.614883959
 0.975838840 0.548287809 0.548397064 0.548355043 0.548120260 0.547750294 0.547446072 0.546921909 0.546396315 0.545401514
 0.544966280 0.544435740 0.542567670 0.541110218 0.540711999 0.539845526 0.539517701 0.538154423 0.522265911 0.736192048
 0.733949721 0.731377661
 0.975838840 0.712656558 0.712626994 0.712573707 0.712306559 0.711954594 0.711678386 0.711216867 0.710768878 0.709939837
 0.709582329 0.709155440 0.707682669 0.706580818 0.706289232 0.705663860 0.705431700 0.704486489 0.690138698 0.841399252
 0.839629233 0.837536335
 0.975838900 0.859620392 0.859502971 0.859453678 0.859222829 0.858960032 0.858763278 0.858444989 0.858147740 0.857612669
 0.857386112 0.857123315 0.856241405 0.855622828 0.855467498 0.855142534 0.855026007 0.854570448 0.844444752 0.925805688
 0.924646258 0.923231244
 0.975838900 0.962371707 0.962261617 0.962232113 0.962101460 0.961972356 0.961880744 0.961738706 0.961613178 0.961396277
 0.961307108 0.961208701 0.960895121 0.960703552 0.960661530 0.960579872 0.960553706 0.960466862 0.955857933 0.980675220
 0.980148554 0.979482055
 0.975838900 1.000000000 1.000000000 1.000000000 1.000000000 1.000000000 1.000000000 1.000000000 1.000000000 1.000000000
 1.000000000 1.000000000 1.000000000 1.000000000 1.000000000 1.000000000 1.000000000 1.000000000 1.000000000 1.000000000
 1.000000000 1.000000000
 0.975838900 0.964354992 0.964531839 0.964560390 0.964674771 0.964751303 0.964794397 0.964847624 0.964878142 0.964907706
 0.964912832 0.964904964 0.964833200 0.964705110 0.964656591 0.964538097 0.964487016 0.964245737 0.966026127 0.981583595
 0.981897593 0.982345223
 0.975838900 0.862890959 0.863249302 0.863295734 0.863469839 0.863546550 0.863571465 0.863574743 0.863534391 0.863403440
 0.863331139 0.863216221 0.862726927 0.862207472 0.862040043 0.861651123 0.861491919 0.860776305 0.860909224 0.927451670
 0.927811742 0.928405762
 0.975838840 0.716153443 0.716637194 0.716686428 0.716853678 0.716865182 0.716825485 0.716706574 0.716531754 0.716130376
 0.715935409 0.715663910 0.714598358 0.713591754 0.713284492 0.712583840 0.712303460 0.711069584 0.707144380 0.843485415
 0.843633056 0.844065189
 0.975838780 0.551051438 0.551572144 0.551611364 0.551721513 0.551639140 0.551520586 0.551265478 0.550953507 0.550290227
 0.549979866 0.549568117 0.548004568 0.546607673 0.546193242 0.545258164 0.544888616 0.543283224 0.534890473 0.738368273
 0.738114059 0.738142967
 0.975838721 0.392905593 0.393379033 0.393402010 0.393436760 0.393273562 0.393095046 0.392744213 0.392345190 0.391526520
 0.391150653 0.390665114 0.388855457 0.387293696 0.386838794 0.385819167 0.385419577 0.383698046 0.372304618 0.622108459
 0.621368647 0.620869637
 0.975838661 0.259450525 0.259823531 0.259830803 0.259802312 0.259598285 0.259397149 0.259018987 0.258606106 0.257776976
 0.257400751 0.256923497 0.255166501 0.253686994 0.253261507 0.252312273 0.251942337 0.250358015 0.238319114 0.504483223
 0.503286004 0.502264261
 0.975838602 0.158582211 0.158840209 0.158836752 0.158773124 0.158572763 0.158386081 0.158044532 0.157681599 0.156963646
 0.156640574 0.156236202 0.154760972 0.153541818 0.153194398 0.152421907 0.152122021 0.150842577 0.140251741 0.393737108
 0.392199963 0.390769273
 0.975838304 0.089674793 0.089832440 0.089824207 0.089753538 0.089588210 0.089439698 0.089173079 0.088895351 0.088352129
 0.088109247 0.087808453 0.086718723 0.085831359 0.085580133 0.085022807 0.084806934 0.083888032 0.075883433 0.295759052
 0.294048607 0.292386264
 0.975838900 0.046893973 0.046979278 0.046970733 0.046911266 0.046793148 0.046689764 0.046506781 0.046319127 0.045955371
 0.045793556 0.045594905 0.044879138 0.044303071 0.044140708 0.043780949 0.043641727 0.043049529 0.037759610 0.213814184
 0.212102294 0.210398242
 0.975836217 0.022669945 0.022710796 0.022704171 0.022662591 0.022588320 0.022524578 0.022413034 0.022300078 0.022082735
 0.021986444 0.021869106 0.021448102 0.021112319 0.021017928 0.020808827 0.020727878 0.020383276 0.017292161 0.148764104
 0.147192642 0.145607516
 0.975845635 0.010129158 0.010146406 0.010142149 0.010117088 0.010075583 0.010040504 0.009979698 0.009918767 0.009802243
 0.009750788 0.009688481 0.009465610 0.009289025 0.009239429 0.009129479 0.009086845 0.008904943 0.007295132 0.099614128
 0.098275505 0.096916519
 0.975809515 0.004182500 0.004188863 0.004186509 0.004173245 0.004152497 0.004135174 0.004105393 0.004075813 0.004019530
 0.003994739 0.003964880 0.003858289 0.003774189 0.003750551 0.003698051 0.003677636 0.003590225 0.002838402 0.064195491
 0.063129276 0.062045123
 0.975943565 0.001596001 0.001598017 0.001596872 0.001590641 0.001581321 0.001573615 0.001560465 0.001547500 0.001522930
 0.001512128 0.001499176 0.001452977 0.001416591 0.001406340 0.001383506 0.001374593 0.001336243 0.001019712 0.039815336
 0.039017089 0.038207106
 0.975442648 0.000562857 0.000563385 0.000562890 0.000560274 0.000556499 0.000553402 0.000548152 0.000543008 0.000533290
 0.000529022 0.000523923 0.000505729 0.000491390 0.000487334 0.000478265 0.000474707 0.000459310 0.000338603 0.023766236
 0.023202360 0.022633100
 0.977311313 0.000183481 0.000183584 0.000183393 0.000182406 0.000181024 0.000179897 0.000177998 0.000176146 0.000172656
 0.000171123 0.000169297 0.000162771 0.000157611 0.000156144 0.000152847 0.000151546 0.000145879 0.000104001 0.013653544
 0.013276651 0.012899052
 0.970336437 0.000055296 0.000055304 0.000055238 0.000054902 0.000054444 0.000054071 0.000053448 0.000052842 0.000051701
 0.000051200 0.000050604 0.000048467 0.000046768 0.000046281 0.000045182 0.000044746 0.000042830 0.000029558 0.007548762
 0.007309878 0.007072908
 0.996365964 0.000015410 0.000015405 0.000015384 0.000015281 0.000015143 0.000015031 0.000014845 0.000014665 0.000014325
 0.000014175 0.000013997 0.000013357 0.000012844 0.000012696 0.000012359 0.000012225 0.000011630 0.000007773 0.004018557
 0.003874742 0.003733757
 0.879837632 0.000003972 0.000003969 0.000003963 0.000003934 0.000003897 0.000003866 0.000003815 0.000003766 0.000003674
 0.000003633 0.000003584 0.000003409 0.000003266 0.000003225 0.000003130 0.000003092 0.000002922 0.000001891 0.002053905
 0.001971491 0.001891854
 0.674517334 0.000000944 0.000000943 0.000000941 0.000000934 0.000000925 0.000000917 0.000000904 0.000000892 0.000000869
 0.000000859 0.000000847 0.000000803 0.000000767 0.000000756 0.000000732 0.000000722 0.000000677 0.000000424 0.001025294
 0.000980633 0.000938019
 0.511629879 0.000000204 0.000000204 0.000000204 0.000000202 0.000000200 0.000000198 0.000000195 0.000000193 0.000000188
 0.000000185 0.000000183 0.000000172 0.000000164 0.000000162 0.000000156 0.000000154 0.000000143 0.000000086 0.000363266
 0.000336600 0.000312484
 0.430654675 0.000000074 0.000000077 0.000000077 0.000000079 0.000000080 0.000000081 0.000000082 0.000000082 0.000000082
 0.000000082 0.000000082 0.000000080 0.000000076 0.000000075 0.000000072 0.000000071 0.000000065 0.000000053 0.000242192
 0.000239855 0.000240607
 0.801279008 0.000000391 0.000000403 0.000000406 0.000000413 0.000000419 0.000000422 0.000000426 0.000000428 0.000000429
 0.000000428 0.000000427 0.000000416 0.000000401 0.000000396 0.000000382 0.000000376 0.000000347 0.000000297 0.001016252
 0.000992050 0.000984163
 1.000000000 0.000001759 0.000001808 0.000001821 0.000001850 0.000001873 0.000001884 0.000001899 0.000001905 0.000001906
 0.000001902 0.000001896 0.000001850 0.000001785 0.000001766 0.000001710 0.000001685 0.000001570 0.000001357 0.002007534
 0.001962127 0.001943516
 0.983379304 0.000007249 0.000007428 0.000007474 0.000007578 0.000007656 0.000007694 0.000007739 0.000007755 0.000007748
 0.000007728 0.000007703 0.000007518 0.000007272 0.000007202 0.000006997 0.000006906 0.000006487 0.000005725 0.003942442
 0.003859197 0.003819077
 0.987833023 0.000027608 0.000028209 0.000028361 0.000028694 0.000028933 0.000029047 0.000029171 0.000029197 0.000029132
 0.000029046 0.000028945 0.000028268 0.000027412 0.000027172 0.000026480 0.000026177 0.000024782 0.000022239 0.007415337
 0.007269969 0.007189599
 0.986639678 0.000097178 0.000099010 0.000099464 0.000100435 0.000101097 0.000101392 0.000101683 0.000101678 0.000101333
 0.000100998 0.000100633 0.000098356 0.000095624 0.000094874 0.000092728 0.000091796 0.000087545 0.000079560 0.013432328
 0.013189944 0.013039492
 0.986959517 0.000316091 0.000321178 0.000322409 0.000324965 0.000326594 0.000327262 0.000327797 0.000327521 0.000326104
 0.000324950 0.000323756 0.000316743 0.000308737 0.000306582 0.000300479 0.000297856 0.000286004 0.000262276 0.023413556
 0.023028154 0.022763740
 0.986873865 0.000949937 0.000962762 0.000965782 0.000971840 0.000975370 0.000976629 0.000977217 0.000975780 0.000970900
 0.000967345 0.000963807 0.000944082 0.000922597 0.000916924 0.000901040 0.000894287 0.000864086 0.000797214 0.039276872
 0.038693104 0.038255796
 0.986896992 0.002637018 0.002666299 0.002672991 0.002685848 0.002692443 0.002694231 0.002693626 0.002688432 0.002673888
 0.002664072 0.002654605 0.002604081 0.002551395 0.002537750 0.002499981 0.002484107 0.002413902 0.002235771 0.063409224
 0.062567994 0.061886564
 0.986890912 0.006759921 0.006820267 0.006833590 0.006857831 0.006868014 0.006869165 0.006863362 0.006848140 0.006810093
 0.006785800 0.006762953 0.006645453 0.006527762 0.006497855 0.006416028 0.006382042 0.006233489 0.005788752 0.098518319
 0.097366974 0.096366331
 0.986892521 0.015996894 0.016108640 0.016132329 0.016172452 0.016184052 0.016180780 0.016160280 0.016122347 0.016034387
 0.015980542 0.015930921 0.015683692 0.015445069 0.015385540 0.015224550 0.015158495 0.014873219 0.013844322 0.147309870
 0.145816475 0.144432634
 0.986892164 0.034933079 0.035117861 0.035155151 0.035212252 0.035217285 0.035201315 0.035148285 0.035066325 0.034886163
 0.034779470 0.034682784 0.034214109 0.033776928 0.033669796 0.033383384 0.033267330 0.032772128 0.030593505 0.211981878
 0.210151121 0.208351523
 0.986892283 0.070368722 0.070639141 0.070690401 0.070757493 0.070739493 0.070697144 0.070585094 0.070430294 0.070103504
 0.069915123 0.069746837 0.068950459 0.068230778 0.068057455 0.067599304 0.067416012 0.066643231 0.062471449 0.293575019
 0.291461825 0.289266795
 0.986892283 0.130706355 0.131051868 0.131111920 0.131170511 0.131105497 0.131019935 0.130819499 0.130563468 0.130040213
 0.129745349 0.129485220 0.128280506 0.127223924 0.126973763 0.126319870 0.126061648 0.124985777 0.117844477 0.391286314
 0.389001310 0.386500150
 0.986892402 0.223781645 0.224158213 0.224215403 0.224237531 0.224101841 0.223959953 0.223652855 0.223283261 0.222548231
 0.222142309 0.221788272 0.220181093 0.218811974 0.218493313 0.217669785 0.217348948 0.216027573 0.205229178 0.501911223
 0.499613494 0.496967256
 0.986892402 0.353026330 0.353361100 0.353399992 0.353358924 0.353143454 0.352946132 0.352543235 0.352081537 0.351185650
 0.350700170 0.350281328 0.348417073 0.346875399 0.346522957 0.345622867 0.345277309 0.343870610 0.329650700 0.619608700
 0.617483437 0.614908278
 0.986892402 0.512979448 0.513196766 0.513205051 0.513091683 0.512816191 0.512586236 0.512138605 0.511647880 0.510718226
 0.510223925 0.509802341 0.507964671 0.506493926 0.506164432 0.505334258 0.505020976 0.503760993 0.487775326 0.736152709
 0.734376609 0.732107222
 0.986892402 0.686392307 0.686453402 0.686430037 0.686266065 0.685981810 0.685761809 0.685352147 0.684922397 0.684129298
 0.683716595 0.683369398 0.681892574 0.680758059 0.680510521 0.679897487 0.679671466 0.678775489 0.663935781 0.841743648
 0.840444148 0.838683426
 0.986892402 0.845491350 0.845426023 0.845385134 0.845221877 0.844995379 0.844832242 0.844542384 0.844253361 0.843737364
 0.843476474 0.843260944 0.842376232 0.841737866 0.841604352 0.841283500 0.841170013 0.840730190 0.830103755 0.926306665
 0.925528169 0.924396038
 0.986892402 0.958543658 0.958449066 0.958415985 0.958314061 0.958196700 0.958118618 0.957987845 0.957866311 0.957660675
 0.957561612 0.957482457 0.957179189 0.956989229 0.956953704 0.956875682 0.956851721 0.956766665 0.951949000 0.981057167
 0.980743110 0.980240345
 0.986892402 1.000000000 1.000000000 1.000000000 1.000000000 1.000000000 1.000000000 1.000000000 1.000000000 1.000000000
 1.000000000 1.000000000 1.000000000 1.000000000 1.000000000 1.000000000 1.000000000 1.000000000 1.000000000 1.000000000
 1.000000000 1.000000000
 0.986892402 0.959867060 0.960052907 0.960098684 0.960200846 0.960277557 0.960315645 0.960361362 0.960382879 0.960391700
 0.960382640 0.960367858 0.960249364 0.960087001 0.960041523 0.959913790 0.959858656 0.959626317 0.961185813 0.981009960
 0.981110692 0.981385648
 0.986892402 0.847621143 0.848007858 0.848093808 0.848259151 0.848344684 0.848367989 0.848361373 0.848301291 0.848128080
 0.848010600 0.847897649 0.847304702 0.846706390 0.846556067 0.846152723 0.845988333 0.845308363 0.844618320 0.926224053
 0.926197350 0.926470935
 0.986892402 0.688569844 0.689094305 0.689200819 0.689372897 0.689406991 0.689376831 0.689255059 0.689057171 0.688610017
 0.688341498 0.688096762 0.686907828 0.685806096 0.685539424 0.684837759 0.684558153 0.683409989 0.678122878 0.841646194
 0.841300011 0.841312945
 0.986892402 0.514571428 0.515129030 0.515232563 0.515364885 0.515321255 0.515229106 0.514989734 0.514665663 0.513982952
 0.513590634 0.513241112 0.511600196 0.510142565 0.509796858 0.508895934 0.508541465 0.507088423 0.497316927 0.736063719
 0.735282898 0.734851420
 0.986892402 0.353762031 0.354255855 0.354339063 0.354411602 0.354302287 0.354167581 0.353858322 0.353470564 0.352682114
 0.352239907 0.351851046 0.350062430 0.348514646 0.348152012 0.347212642 0.346845716 0.345339924 0.333161950 0.619548380
 0.618313551 0.617364228
 0.986892402 0.223759890 0.224134028 0.224190339 0.224209175 0.224069014 0.223923787 0.223610476 0.223234475 0.222487316
 0.222075030 0.221715659 0.220085800 0.218700498 0.218378574 0.217547312 0.217223957 0.215892181 0.203954682 0.501892388
 0.500274539 0.498848468
 0.986892283 0.130231902 0.130477667 0.130509645 0.130495057 0.130359963 0.130232215 0.129967228 0.129658401 0.129054934
 0.128725946 0.128441080 0.127162665 0.126090094 0.125842154 0.125202745 0.124954455 0.123926088 0.114172228 0.391311973
 0.389446765 0.387675166
 0.986892283 0.069758445 0.069899105 0.069913968 0.069886900 0.069779627 0.069683984 0.069491096 0.069271095 0.068846934
 0.068617932 0.068420701 0.067542672 0.066812955 0.066644780 0.066210955 0.066042468 0.065339394 0.058499299 0.293639481
 0.291690797 0.289752990
 0.986892164 0.034397058 0.034467120 0.034472320 0.034446690 0.034373742 0.034311444 0.034188516 0.034050662 0.033787861
 0.033647139 0.033526458 0.032992661 0.032551944 0.032450482 0.032188315 0.032086294 0.031656679 0.027467705 0.212073430
 0.210197419 0.208275720
 0.986892521 0.015617487 0.015647599 0.015648499 0.015630044 0.015586704 0.015550925 0.015481600 0.015404916 0.015260173
 0.015183215 0.015117458 0.014828036 0.014590055 0.014535227 0.014393120 0.014337623 0.014101410 0.011834981 0.147414520
 0.145732790 0.143976718
 0.986891150 0.006531366 0.006542291 0.006541841 0.006530786 0.006508015 0.006489743 0.006454895 0.006416787 0.006345502
 0.006307834 0.006275748 0.006135041 0.006019528 0.005992848 0.005923394 0.005896130 0.005778680 0.004686114 0.098623000
 0.097209297 0.095715545
 0.986895800 0.002516817 0.002519982 0.002519408 0.002513695 0.002503031 0.002494685 0.002478992 0.002461996 0.002430467
 0.002413898 0.002399820 0.002338226 0.002287616 0.002275876 0.002245137 0.002232991 0.002179973 0.001707547 0.063504130
 0.062384218 0.061193459
 0.986878097 0.000893956 0.000894559 0.000894184 0.000891589 0.000887114 0.000883689 0.000877335 0.000870509 0.000857944
 0.000851372 0.000845800 0.000821443 0.000801358 0.000796670 0.000784308 0.000779385 0.000757587 0.000573323 0.039356202
 0.038517106 0.037623335
 0.986943781 0.000292795 0.000292772 0.000292585 0.000291538 0.000289848 0.000288582 0.000286261 0.000283786 0.000279262
 0.000276906 0.000274911 0.000266186 0.000258944 0.000257240 0.000252709 0.000250888 0.000242706 0.000177557 0.023475528
 0.022879276 0.022245403
 0.986698568 0.000088463 0.000088375 0.000088297 0.000087918 0.000087342 0.000086919 0.000086154 0.000085342 0.000083867
 0.000083102 0.000082455 0.000079616 0.000077237 0.000076672 0.000075154 0.000074538 0.000071728 0.000050757 0.013477219
 0.013074543 0.012648674
 0.987613440 0.000024664 0.000024613 0.000024585 0.000024462 0.000024284 0.000024157 0.000023928 0.000023686 0.000023250
 0.000023025 0.000022834 0.000021994 0.000021280 0.000021108 0.000020643 0.000020452 0.000019567 0.000013397 0.007448028
 0.007189127 0.006917498
 0.984198511 0.000006348 0.000006327 0.000006318 0.000006282 0.000006232 0.000006197 0.000006135 0.000006070 0.000005953
 0.000005893 0.000005842 0.000005615 0.000005419 0.000005371 0.000005240 0.000005185 0.000004930 0.000003265 0.003957537
 0.003798877 0.003634228
 0.996942759 0.000001508 0.000001501 0.000001499 0.000001489 0.000001477 0.000001468 0.000001453 0.000001437 0.000001408
 0.000001393 0.000001381 0.000001325 0.000001276 0.000001263 0.000001229 0.000001215 0.000001147 0.000000735 0.002039964
 0.001947073 0.001851743
 0.947268963 0.000000332 0.000000330 0.000000330 0.000000327 0.000000324 0.000000322 0.000000319 0.000000315 0.000000309
 0.000000306 0.000000303 0.000000290 0.000000279 0.000000276 0.000000268 0.000000264 0.000000248 0.000000153 0.000859458
 0.000807819 0.000757576
 0.568398118 0.000000039 0.000000040 0.000000040 0.000000040 0.000000041 0.000000041 0.000000041 0.000000041 0.000000041
 0.000000041 0.000000041 0.000000041 0.000000040 0.000000040 0.000000039 0.000000039 0.000000037 0.000000025-0.000524132
-0.000529240-0.000528521
 0.053698063 0.000000015 0.000000016 0.000000016 0.000000016 0.000000017 0.000000017 0.000000017 0.000000017 0.000000018
 0.000000018 0.000000018 0.000000017 0.000000017 0.000000017 0.000000016 0.000000016 0.000000015 0.000000011 0.000141428
 0.000134884 0.000130600
 0.963872612 0.000000228 0.000000237 0.000000239 0.000000245 0.000000250 0.000000253 0.000000256 0.000000259 0.000000261
 0.000000262 0.000000261 0.000000257 0.000000248 0.000000246 0.000000237 0.000000234 0.000000215 0.000000174 0.000977865
 0.000941462 0.000926193
 1.000000000 0.000001065 0.000001102 0.000001112 0.000001136 0.000001156 0.000001166 0.000001180 0.000001189 0.000001196
 0.000001197 0.000001196 0.000001175 0.000001138 0.000001127 0.000001093 0.000001077 0.000001001 0.000000837 0.001959543
 0.001893470 0.001862997
 0.990380526 0.000004611 0.000004755 0.000004793 0.000004882 0.000004955 0.000004992 0.000005039 0.000005068 0.000005089
 0.000005088 0.000005081 0.000004991 0.000004845 0.000004802 0.000004671 0.000004611 0.000004326 0.000003708 0.003852350
 0.003734537 0.003674484
 0.992958248 0.000018411 0.000018916 0.000019047 0.000019350 0.000019590 0.000019711 0.000019856 0.000019938 0.000019982
 0.000019962 0.000019925 0.000019571 0.000019040 0.000018886 0.000018425 0.000018218 0.000017233 0.000015088 0.007267814
 0.007067658 0.006955997
 0.992267787 0.000067793 0.000069414 0.000069823 0.000070758 0.000071477 0.000071822 0.000072219 0.000072415 0.000072445
 0.000072327 0.000072166 0.000070882 0.000069111 0.000068610 0.000067126 0.000066468 0.000063359 0.000056406 0.013198369
 0.012873154 0.012675937
 0.992453039 0.000230180 0.000234908 0.000236076 0.000238688 0.000240616 0.000241498 0.000242432 0.000242797 0.000242522
 0.000242003 0.000241395 0.000237155 0.000231734 0.000230237 0.000225867 0.000223949 0.000214997 0.000193845 0.023061289
 0.022556791 0.022226229
 0.992403507 0.000720477 0.000732994 0.000736014 0.000742600 0.000747222 0.000749197 0.000751028 0.000751391 0.000749606
 0.000747719 0.000745700 0.000732963 0.000717777 0.000713692 0.000701927 0.000696827 0.000673332 0.000612685 0.038772345
 0.038025942 0.037500266
 0.992416918 0.002078273 0.002108275 0.002115325 0.002130262 0.002140085 0.002143880 0.002146586 0.002145868 0.002138783
 0.002132885 0.002126935 0.002092254 0.002053436 0.002043256 0.002014371 0.002002017 0.001945905 0.001782124 0.062723659
 0.061671998 0.060879506
 0.992413461 0.005522638 0.005587535 0.005602336 0.005632649 0.005650935 0.005656912 0.005658763 0.005653408 0.005631312
 0.005615209 0.005599629 0.005514279 0.005424032 0.005400950 0.005336443 0.005309241 0.005187582 0.004773239 0.097636640
 0.096228033 0.095096707
 0.992414534 0.013513212 0.013639371 0.013667195 0.013721856 0.013751050 0.013757858 0.013752791 0.013734116 0.013676328
 0.013637640 0.013601338 0.013412185 0.013222111 0.013174661 0.013044077 0.012989812 0.012751075 0.011778392 0.146240234
 0.144450843 0.142924070
 0.992414415 0.030431831 0.030651059 0.030697569 0.030784264 0.030822575 0.030824983 0.030799119 0.030750314 0.030620376
 0.030538363 0.030463200 0.030087234 0.029726310 0.029638290 0.029399732 0.029302076 0.028879791 0.026785726 0.210763186
 0.208613649 0.206670344
 0.992414534 0.063042618 0.063380599 0.063449062 0.063568041 0.063605003 0.063591868 0.063521408 0.063416734 0.063162982
 0.063009642 0.062871709 0.062204953 0.061590746 0.061444275 0.061053302 0.060895693 0.060226146 0.056142934 0.292279094
 0.289846987 0.287521601
 0.992414653 0.120075271 0.120532498 0.120619871 0.120757066 0.120771118 0.120725855 0.120580420 0.120390415 0.119958930
 0.119706899 0.119483620 0.118435666 0.117506161 0.117289253 0.116718978 0.116492651 0.115548596 0.108427316 0.390011668
 0.387433887 0.384829730
 0.992414653 0.210167989 0.210701406 0.210795596 0.210920259 0.210882872 0.210788757 0.210543647 0.210248902 0.209611908
 0.209250107 0.208933786 0.207487658 0.206249997 0.205967292 0.205235377 0.204949543 0.203779474 0.192815676 0.500767708
 0.498228192 0.495516807
 0.992414773 0.337881237 0.338401884 0.338483155 0.338555813 0.338444442 0.338295013 0.337950319 0.337560296 0.336750895
 0.336302400 0.335914969 0.334187180 0.332759827 0.332440883 0.331628442 0.331316590 0.330064982 0.315390676 0.618694544
 0.616396248 0.613797843
 0.992414773 0.498715043 0.499114573 0.499162912 0.499154270 0.498970211 0.498779446 0.498375475 0.497940540 0.497070551
 0.496599764 0.496197909 0.494450599 0.493060648 0.492757559 0.491999537 0.491714269 0.490594566 0.473874152 0.735529542
 0.733654857 0.731399596
 0.992414773 0.675550580 0.675753057 0.675759554 0.675671756 0.675450444 0.675254941 0.674868703 0.674471736 0.673706591
 0.673302948 0.672962964 0.671527267 0.670436442 0.670205772 0.669642568 0.669436157 0.668648720 0.652975738 0.841416180
 0.840084076 0.838362098
 0.992414832 0.839517355 0.839530170 0.839504778 0.839380205 0.839183331 0.839029670 0.838745773 0.838468254 0.837956190
 0.837694585 0.837478161 0.836600244 0.835977256 0.835851908 0.835557938 0.835455120 0.835082471 0.823806345 0.926215172
 0.925447524 0.924360335
 0.992414832 0.956847847 0.956774950 0.956745625 0.956652403 0.956540346 0.956462622 0.956329525 0.956207752 0.955996871
 0.955894709 0.955812752 0.955504239 0.955315709 0.955282271 0.955213368 0.955192983 0.955134571 0.950035036 0.981085658
 0.980794251 0.980322540
 0.992414832 1.000000000 1.000000000 1.000000000 1.000000000 1.000000000 1.000000000 1.000000000 1.000000000 1.000000000
 1.000000000 1.000000000 1.000000000 1.000000000 1.000000000 1.000000000 1.000000000 1.000000000 1.000000000 1.000000000
 1.000000000 1.000000000
 0.992414832 0.958146691 0.958355069 0.958406627 0.958523929 0.958615541 0.958661020 0.958716631 0.958748817 0.958770692
 0.958767295 0.958757520 0.958653271 0.958498538 0.958455145 0.958329558 0.958275616 0.958041131 0.959560990 0.980834424
 0.980882227 0.981115460
 0.992414832 0.841587663 0.842049658 0.842153370 0.842364490 0.842492104 0.842534542 0.842550516 0.842517436 0.842373848
 0.842268288 0.842165768 0.841607571 0.841033876 0.840891480 0.840504825 0.840347528 0.839690566 0.838607609 0.925760806
 0.925608456 0.925796032
 0.992414832 0.677629650 0.678284645 0.678420961 0.678670645 0.678774655 0.678775430 0.678688705 0.678535223 0.678135574
 0.677885830 0.677657962 0.676532388 0.675482154 0.675232470 0.674571455 0.674308598 0.673228979 0.667134404 0.840842485
 0.840291798 0.840179563
 0.992414773 0.500185728 0.500907063 0.501047671 0.501278102 0.501323640 0.501270950 0.501076639 0.500811338 0.500194013
 0.499828637 0.499503016 0.497960985 0.496588260 0.496269226 0.495435864 0.495108515 0.493773311 0.483008295 0.734934926
 0.733878076 0.733292878
 0.992414773 0.338505626 0.339164972 0.339285791 0.339460373 0.339445949 0.339354187 0.339096189 0.338775277 0.338066638
 0.337659091 0.337300628 0.335644305 0.334211320 0.333882809 0.333031505 0.332699209 0.331346154 0.318322629 0.618169665
 0.616605639 0.615487218
 0.992414773 0.210075513 0.210591361 0.210680276 0.210790500 0.210737973 0.210634053 0.210372820 0.210063770 0.209402651
 0.209029377 0.208703965 0.207224980 0.205969781 0.205684498 0.204948500 0.204662070 0.203492641 0.191073537 0.500377476
 0.498401552 0.496804059
 0.992414653 0.119582437 0.119933791 0.119990677 0.120048232 0.119984895 0.119892575 0.119674787 0.119425356 0.118903309
 0.118612476 0.118360557 0.117229454 0.116282284 0.116068110 0.115516648 0.115302034 0.114420652 0.104557566 0.389785796
 0.387559384 0.385624588
 0.992414534 0.062456325 0.062666804 0.062698662 0.062722556 0.062667862 0.062599435 0.062444620 0.062271394 0.061914757
 0.061718103 0.061548628 0.060794681 0.060169123 0.060028013 0.059664574 0.059522819 0.058935393 0.052223861 0.292213410
 0.289922923 0.287837654
 0.992414534 0.029940708 0.030052288 0.030067975 0.030074827 0.030036550 0.029992981 0.029897347 0.029792227 0.029578611
 0.029461790 0.029361524 0.028918607 0.028553231 0.028470799 0.028258031 0.028174670 0.027825186 0.023844246 0.210827947
 0.208646432 0.206597224
 0.992414415 0.013179719 0.013232270 0.013239061 0.013239370 0.013216654 0.013192435 0.013140492 0.013084207 0.012971042
 0.012909573 0.012856989 0.012625913 0.012435775 0.012392771 0.012281319 0.012237366 0.012050499 0.009968009 0.146392494
 0.144451454 0.142589271
 0.992414296 0.005329776 0.005351811 0.005354387 0.005353181 0.005341490 0.005329618 0.005304625 0.005277858 0.005224515
 0.005195701 0.005171116 0.005063456 0.004974811 0.004954664 0.004902134 0.004881241 0.004790977 0.003821807 0.097832061
 0.096208587 0.094629645
 0.992414176 0.001981001 0.001989232 0.001990082 0.001989071 0.001983788 0.001978623 0.001967913 0.001956556 0.001934086
 0.001922002 0.001911712 0.001866729 0.001829537 0.001821022 0.001798643 0.001789650 0.001750102 0.001346016 0.062925279
 0.061643209 0.060386397
 0.992414057 0.000677104 0.000679842 0.000680082 0.000679530 0.000677417 0.000675414 0.000671312 0.000666998 0.000658514
 0.000653966 0.000650098 0.000633184 0.000619089 0.000615829 0.000607178 0.000603660 0.000587893 0.000436057 0.038954783
 0.037995704 0.037052445
 0.992413938 0.000212934 0.000213743 0.000213799 0.000213560 0.000212808 0.000212114 0.000210706 0.000209236 0.000206357
 0.000204817 0.000203508 0.000197769 0.000192927 0.000191793 0.000188749 0.000187494 0.000181759 0.000130077 0.023211319
 0.022529967 0.021860320
 0.992413819 0.000061642 0.000061853 0.000061862 0.000061775 0.000061537 0.000061321 0.000060888 0.000060437 0.000059558
 0.000059088 0.000058688 0.000056926 0.000055414 0.000055055 0.000054076 0.000053667 0.000051761 0.000035752 0.013312194
 0.012851620 0.012400834
 0.992413700 0.000016434 0.000016483 0.000016483 0.000016456 0.000016388 0.000016328 0.000016208 0.000016084 0.000015842
 0.000015713 0.000015602 0.000015112 0.000014681 0.000014577 0.000014289 0.000014167 0.000013587 0.000009057 0.007349378
 0.007052651 0.006764320
 0.992413461 0.000004036 0.000004046 0.000004045 0.000004038 0.000004021 0.000004006 0.000003976 0.000003945 0.000003885
 0.000003853 0.000003825 0.000003701 0.000003589 0.000003561 0.000003484 0.000003450 0.000003288 0.000002114 0.003904049
 0.003721725 0.003546357
 0.992413342 0.000000917 0.000000918 0.000000918 0.000000916 0.000000912 0.000000909 0.000000902 0.000000896 0.000000882
 0.000000875 0.000000869 0.000000840 0.000000813 0.000000806 0.000000787 0.000000778 0.000000737 0.000000456 0.002002349
 0.001895003 0.001792960
 0.992413104 0.000000131 0.000000131 0.000000131 0.000000131 0.000000131 0.000000131 0.000000129 0.000000129 0.000000127
 0.000000126 0.000000125 0.000000121 0.000000116 0.000000114 0.000000111 0.000000109 0.000000101 0.000000060 0.000931420
 0.000873929 0.000821100
 0.992412984-0.000001017-0.000001018-0.000001017-0.000001015-0.000001010-0.000001006-0.000000999-0.000000991-0.000000975
-0.000000968-0.000000960-0.000000928-0.000000901-0.000000896-0.000000877-0.000000869-0.000000831-0.000000525-0.000323694
-0.000324995-0.000322023
 0.556596994 0.000000049 0.000000051 0.000000052 0.000000053 0.000000054 0.000000055 0.000000056 0.000000056 0.000000057
 0.000000057 0.000000057 0.000000056 0.000000054 0.000000053 0.000000051 0.000000050 0.000000045 0.000000038 0.000072267
 0.000064932 0.000057875
 0.992632747 0.000000267 0.000000279 0.000000282 0.000000289 0.000000295 0.000000298 0.000000303 0.000000306 0.000000308
 0.000000309 0.000000309 0.000000303 0.000000293 0.000000289 0.000000279 0.000000275 0.000000252 0.000000203 0.000966458
 0.000933142 0.000921528
 0.996861219 0.000001237 0.000001286 0.000001298 0.000001327 0.000001351 0.000001364 0.000001380 0.000001391 0.000001401
 0.000001402 0.000001401 0.000001376 0.000001334 0.000001318 0.000001277 0.000001261 0.000001166 0.000000959 0.001963100
 0.001902256 0.001879322
 1.000000000 0.000005263 0.000005447 0.000005492 0.000005597 0.000005684 0.000005728 0.000005785 0.000005821 0.000005848
 0.000005849 0.000005842 0.000005741 0.000005580 0.000005519 0.000005363 0.000005305 0.000004953 0.000004197 0.003852153
 0.003741615 0.003693024
 0.999167800 0.000020674 0.000021308 0.000021457 0.000021806 0.000022087 0.000022228 0.000022402 0.000022505 0.000022566
 0.000022557 0.000022515 0.000022131 0.000021560 0.000021350 0.000020812 0.000020613 0.000019419 0.000016861 0.007269396
 0.007078506 0.006983691
 0.999399066 0.000074985 0.000076968 0.000077423 0.000078471 0.000079291 0.000079689 0.000080156 0.000080409 0.000080480
 0.000080403 0.000080221 0.000078863 0.000077005 0.000076334 0.000074640 0.000074019 0.000070312 0.000062265 0.013200545
 0.012885370 0.012710853
 0.999344826 0.000251054 0.000256690 0.000257954 0.000260801 0.000262943 0.000263933 0.000265016 0.000265507 0.000265319
 0.000264943 0.000264247 0.000259848 0.000254286 0.000252323 0.000247436 0.000245659 0.000235159 0.000211456 0.023064725
 0.022568177 0.022265350
 0.999366581 0.000775716 0.000790256 0.000793426 0.000800389 0.000805363 0.000807511 0.000809583 0.000810180 0.000808526
 0.000807083 0.000804743 0.000791723 0.000776441 0.000771183 0.000758284 0.000753645 0.000726532 0.000660755 0.038776997
 0.038031254 0.037535150
 0.999367476 0.002211298 0.002245244 0.002252413 0.002267663 0.002277819 0.002281751 0.002284664 0.002284261 0.002277226
 0.002272563 0.002265601 0.002230506 0.002192087 0.002179210 0.002148127 0.002137087 0.002073375 0.001900969 0.062729239
 0.061663110 0.060895596
 0.999373496 0.005813428 0.005884921 0.005899463 0.005929168 0.005947054 0.005952719 0.005954187 0.005948950 0.005926328
 0.005913305 0.005894909 0.005809105 0.005721008 0.005692264 0.005624048 0.005600150 0.005464223 0.005038559 0.097642206
 0.096193835 0.095072918
 0.999377549 0.014088400 0.014223642 0.014249941 0.014300885 0.014327058 0.014332026 0.014324510 0.014304884 0.014244673
 0.014212850 0.014169633 0.013980167 0.013796668 0.013738379 0.013602493 0.013555586 0.013293103 0.012311182 0.146244094
 0.144378498 0.142834723
 0.999381602 0.031457033 0.031685513 0.031727556 0.031803217 0.031832185 0.031829104 0.031795777 0.031743076 0.031606097
 0.031537723 0.031447534 0.031071467 0.030725991 0.030619117 0.030374492 0.030291375 0.029834460 0.027743232 0.210762918
 0.208490968 0.206489682
 0.999385118 0.064679988 0.065021910 0.065080538 0.065174975 0.065190703 0.065165222 0.065077722 0.064963087 0.064693265
 0.064563967 0.064397201 0.063729964 0.063145682 0.062969565 0.062573910 0.062441707 0.061728794 0.057672385 0.292271942
 0.289666057 0.287230819
 0.999388337 0.122400224 0.122848026 0.122917734 0.123010412 0.122985221 0.122917168 0.122739911 0.122530065 0.122068010
 0.121853359 0.121581391 0.120530568 0.119649954 0.119391195 0.118820861 0.118633643 0.117644645 0.110577576 0.389995158
 0.387194753 0.384424835
 0.999391079 0.213069588 0.213572800 0.213640377 0.213697359 0.213599235 0.213469759 0.213174611 0.212847233 0.212160826
 0.211849794 0.211461544 0.210006475 0.208836347 0.208501190 0.207776859 0.207543552 0.206338316 0.195437253 0.500740707
 0.497942001 0.495015234
 0.999393463 0.341007590 0.341475546 0.341523200 0.341509283 0.341318756 0.341122836 0.340711534 0.340276331 0.339398950
 0.339009762 0.338530302 0.336783230 0.335433960 0.335057586 0.334261149 0.334009945 0.332744300 0.318095148 0.618657947
 0.616085827 0.613240480
 0.999395370 0.501535594 0.501867831 0.501881003 0.501780331 0.501510024 0.501268148 0.500789642 0.500302494 0.499353379
 0.498940617 0.498438597 0.496659696 0.495343149 0.494986594 0.494250208 0.494023710 0.492916167 0.476128638 0.735486984
 0.733352244 0.730846584
 0.999396920 0.677557647 0.677694380 0.677671432 0.677504897 0.677207351 0.676965952 0.676511645 0.676065207 0.675224185
 0.674865961 0.674436212 0.672960103 0.671921730 0.671650887 0.671109021 0.670948088 0.670193613 0.654339910 0.841373742
 0.839824498 0.837881744
 0.999398112 0.840489745 0.840455413 0.840412080 0.840237141 0.839989424 0.839804351 0.839472771 0.839158952 0.838590384
 0.838354349 0.838076055 0.837159216 0.836559951 0.836412728 0.836134017 0.836056411 0.835722208 0.824202955 0.926180422
 0.925261974 0.924013555
 0.999398828 0.957020104 0.956926465 0.956890881 0.956778824 0.956645966 0.956554890 0.956400692 0.956261933 0.956023932
 0.955929041 0.955820382 0.955487609 0.955301106 0.955261827 0.955199301 0.955186009 0.955153167 0.949868143 0.981065750
 0.980701089 0.980147004
 0.999399185 1.000000000 1.000000000 1.000000000 1.000000000 1.000000000 1.000000000 1.000000000 1.000000000 1.000000000
 1.000000000 1.000000000 1.000000000 1.000000000 1.000000000 1.000000000 1.000000000 1.000000000 1.000000000 1.000000000
 1.000000000 1.000000000
 0.999399066 0.958706021 0.958919466 0.958968580 0.959083378 0.959176838 0.959224939 0.959286571 0.959326088 0.959361076
 0.959365189 0.959361494 0.959281027 0.959145963 0.959095478 0.958968580 0.958922446 0.958660245 0.960417390 0.980855405
 0.980957687 0.981259704
 0.999398589 0.843184471 0.843641222 0.843733191 0.843920469 0.844033599 0.844070256 0.844081819 0.844051123 0.843914986
 0.843835473 0.843722939 0.843201220 0.842678428 0.842511773 0.842127264 0.841996193 0.841291487 0.840616107 0.925799310
 0.925727308 0.926025450
 0.999397755 0.680277288 0.680910528 0.681024075 0.681222260 0.681287348 0.681268156 0.681156993 0.680992782 0.680581033
 0.680377543 0.680110991 0.679018676 0.678046286 0.677752972 0.677098691 0.676882207 0.675746441 0.670081377 0.840891242
 0.840415537 0.840422809
 0.999396443 0.503477216 0.504164934 0.504275501 0.504434228 0.504420638 0.504335463 0.504097819 0.503807724 0.503155768
 0.502849221 0.502458453 0.500934005 0.499650180 0.499273896 0.498449832 0.498181522 0.496792167 0.486335486 0.734984577
 0.733970702 0.733483732
 0.999394774 0.341852248 0.342476010 0.342565984 0.342663884 0.342582643 0.342452705 0.342141598 0.341787189 0.341028780
 0.340681016 0.340244085 0.338586003 0.337234855 0.336845696 0.336002827 0.335731059 0.334331781 0.321430176 0.618210852
 0.616641700 0.615579307
 0.999392629 0.212973699 0.213460967 0.213523671 0.213566571 0.213452771 0.213312775 0.212999910 0.212656513 0.211942241
 0.211619928 0.211218685 0.209723353 0.208530992 0.208191425 0.207460701 0.207226351 0.206020728 0.193561450 0.500402927
 0.498370260 0.496778399
 0.999390125 0.121768959 0.122102432 0.122140445 0.122147903 0.122037113 0.121916108 0.121656343 0.121377893 0.120809652
 0.120556116 0.120242551 0.119088866 0.118182577 0.117926285 0.117376566 0.117200620 0.116292559 0.106301293 0.389792055
 0.387464821 0.385489285
 0.999387145 0.063913651 0.064115815 0.064136013 0.064127766 0.064041398 0.063953333 0.063769206 0.063575089 0.063184358
 0.063011505 0.062798783 0.062023446 0.061420456 0.061250601 0.060886428 0.060769804 0.060163777 0.053308912 0.292200804
 0.289780498 0.287620604
 0.999383807 0.030806927 0.030916320 0.030925777 0.030914703 0.030857993 0.030802686 0.030689187 0.030571010 0.030335570
 0.030232113 0.030105272 0.029646123 0.029291203 0.029191324 0.028976778 0.028907860 0.028546158 0.024449762 0.210800037
 0.208477288 0.206335768
 0.999380171 0.013641999 0.013695143 0.013699067 0.013690660 0.013658522 0.013628126 0.013566598 0.013503143 0.013377701
 0.013322872 0.013255847 0.013014344 0.012828131 0.012775638 0.012662407 0.012625839 0.012431492 0.010273285 0.146354720
 0.144276962 0.142320111
 0.999375999 0.005552422 0.005575711 0.005577163 0.005572268 0.005556336 0.005541590 0.005512040 0.005481787 0.005422323
 0.005396440 0.005364866 0.005251390 0.005163797 0.005138997 0.005085161 0.005067643 0.004973153 0.003961585 0.097790271
 0.096046165 0.094381616
 0.999371469 0.002078163 0.002087410 0.002087896 0.002085538 0.002078573 0.002072221 0.002059585 0.002046719 0.002021528
 0.002010595 0.001997276 0.001949430 0.001912317 0.001901735 0.001878567 0.001870957 0.001829224 0.001404348 0.062884547
 0.061504092 0.060177151
 0.999366522 0.000715649 0.000718989 0.000719140 0.000718173 0.000715474 0.000713036 0.000708209 0.000703312 0.000693742
 0.000689597 0.000684548 0.000666378 0.000652157 0.000648062 0.000639003 0.000635993 0.000619197 0.000458291 0.038918693
 0.037884835 0.036888801
 0.999361157 0.000226872 0.000227974 0.000228019 0.000227677 0.000226748 0.000225912 0.000224260 0.000222588 0.000219320
 0.000217905 0.000216181 0.000209946 0.000205000 0.000203558 0.000200328 0.000199242 0.000193066 0.000137826 0.023181722
 0.022447117 0.021740697
 0.999355376 0.000066245 0.000066579 0.000066593 0.000066488 0.000066204 0.000065947 0.000065441 0.000064928 0.000063922
 0.000063487 0.000062955 0.000061016 0.000059450 0.000058986 0.000057932 0.000057573 0.000055495 0.000038223 0.013289633
 0.012793392 0.012318773
 0.999349236 0.000017825 0.000017919 0.000017923 0.000017895 0.000017818 0.000017748 0.000017608 0.000017467 0.000017188
 0.000017066 0.000016918 0.000016370 0.000015917 0.000015780 0.000015465 0.000015357 0.000014716 0.000009777 0.007332841
 0.007013594 0.006710869
 0.999342620 0.000004423 0.000004447 0.000004449 0.000004443 0.000004424 0.000004407 0.000004372 0.000004337 0.000004267
 0.000004237 0.000004199 0.000004058 0.000003938 0.000003901 0.000003814 0.000003784 0.000003603 0.000002307 0.003894033
 0.003698284 0.003514804
 0.999335647 0.000001009 0.000001014 0.000001015 0.000001014 0.000001010 0.000001006 0.000000999 0.000000991 0.000000975
 0.000000968 0.000000959 0.000000926 0.000000897 0.000000888 0.000000866 0.000000859 0.000000812 0.000000500 0.001991285
 0.001876383 0.001770125
 0.999328256 0.000000225 0.000000226 0.000000227 0.000000226 0.000000226 0.000000225 0.000000223 0.000000221 0.000000218
 0.000000216 0.000000214 0.000000207 0.000000200 0.000000198 0.000000192 0.000000190 0.000000179 0.000000105 0.000971081
 0.000909813 0.000855008
 0.999320626-0.000000225-0.000000225-0.000000224-0.000000222-0.000000220-0.000000218-0.000000215-0.000000212-0.000000206
-0.000000204-0.000000201-0.000000191-0.000000183-0.000000181-0.000000175-0.000000173-0.000000162-0.000000090-0.000216180
-0.000216449-0.000212181
 0.480480433 0.000000151 0.000000158 0.000000160 0.000000164 0.000000167 0.000000169 0.000000171 0.000000173 0.000000174
 0.000000173 0.000000173 0.000000168 0.000000159 0.000000157 0.000000150 0.000000147 0.000000133 0.000000099 0.000166270
 0.000169921 0.000175738
 0.731665373 0.000000713 0.000000742 0.000000750 0.000000767 0.000000782 0.000000789 0.000000799 0.000000805 0.000000809
 0.000000809 0.000000807 0.000000786 0.000000758 0.000000748 0.000000719 0.000000706 0.000000644 0.000000502 0.001020639
 0.001015257 0.001028096
 0.926778913 0.000003033 0.000003141 0.000003168 0.000003231 0.000003284 0.000003312 0.000003347 0.000003369 0.000003383
 0.000003380 0.000003374 0.000003295 0.000003174 0.000003138 0.000003027 0.000002976 0.000002744 0.000002225 0.002027224
 0.002010717 0.002026414
 0.976405025 0.000011837 0.000012198 0.000012288 0.000012497 0.000012668 0.000012758 0.000012869 0.000012935 0.000012973
 0.000012959 0.000012934 0.000012653 0.000012216 0.000012091 0.000011708 0.000011535 0.000010731 0.000009007 0.003965794
 0.003927210 0.003943652
 0.967398822 0.000042736 0.000043831 0.000044102 0.000044718 0.000045217 0.000045474 0.000045783 0.000045960 0.000046030
 0.000045965 0.000045872 0.000044938 0.000043544 0.000043146 0.000041935 0.000041386 0.000038846 0.000033585 0.007445038
 0.007362863 0.007369446
 0.969812453 0.000142880 0.000145893 0.000146629 0.000148266 0.000149560 0.000150210 0.000150960 0.000151352 0.000151373
 0.000151106 0.000150780 0.000147893 0.000143776 0.000142615 0.000139092 0.000137500 0.000130145 0.000115350 0.013461655
 0.013301181 0.013276001
 0.969166040 0.000442470 0.000449958 0.000451750 0.000455632 0.000458581 0.000460004 0.000461522 0.000462173 0.000461625
 0.000460657 0.000459594 0.000451298 0.000440083 0.000436961 0.000427559 0.000423324 0.000403837 0.000365176 0.023430657
 0.023139540 0.023042582
 0.969339490 0.001269395 0.001286132 0.001290026 0.001298128 0.001303901 0.001306490 0.001308802 0.001309241 0.001306123
 0.001302985 0.001299811 0.001277696 0.001249522 0.001241810 0.001218793 0.001208480 0.001161301 0.001066443 0.039260097
 0.038766630 0.038534388
 0.969293296 0.003373919 0.003407352 0.003414820 0.003429402 0.003438632 0.003442128 0.003443677 0.003441648 0.003429987
 0.003420908 0.003412265 0.003357773 0.003292596 0.003275111 0.003223493 0.003200528 0.003096314 0.002875529 0.063326366
 0.062542103 0.062085360
 0.969305873 0.008307606 0.008366744 0.008379159 0.008400844 0.008411233 0.008413077 0.008407829 0.008396651 0.008361781
 0.008338332 0.008316978 0.008193457 0.008054931 0.008018608 0.007912774 0.007866101 0.007656522 0.007165941 0.098327622
 0.097157121 0.096365862
 0.969302773 0.018947683 0.019038979 0.019056266 0.019079998 0.019081891 0.019074369 0.019047128 0.019011626 0.018923465
 0.018869411 0.018821789 0.018565610 0.018296005 0.018227069 0.018029211 0.017942883 0.017560283 0.016521186 0.146965191
 0.145324141 0.144082844
 0.969303787 0.040019799 0.040139645 0.040158182 0.040167756 0.040138789 0.040105823 0.040027313 0.039939873 0.039747182
 0.039636143 0.039540716 0.039057542 0.038579244 0.038460191 0.038124222 0.037979458 0.037347961 0.035270873 0.211442083
 0.209282756 0.207496971
 0.969303668 0.078253649 0.078380190 0.078390963 0.078355387 0.078258090 0.078174256 0.078000434 0.077821150 0.077453643
 0.077250883 0.077079922 0.076256827 0.075487971 0.075301915 0.074786559 0.074567661 0.073630646 0.069773965 0.292817026
 0.290155888 0.287786931
 0.969303906 0.141612083 0.141702577 0.141691595 0.141568989 0.141357318 0.141192853 0.140874580 0.140560731 0.139947578
 0.139619827 0.139347628 0.138091251 0.136980206 0.136719093 0.136010453 0.135714322 0.134474784 0.127941877 0.390318215
 0.387257755 0.384356737
 0.969304025 0.237087548 0.237088591 0.237041235 0.236794561 0.236433208 0.236167371 0.235673457 0.235200524 0.234307811
 0.233842000 0.233459875 0.231758654 0.230330795 0.230005324 0.229141638 0.228787437 0.227343976 0.217429399 0.500781894
 0.497516125 0.494244784
 0.969304144 0.367092729 0.366964608 0.366873831 0.366495520 0.365987420 0.365626246 0.364973336 0.364361256 0.363235980
 0.362660021 0.362192482 0.360177130 0.358570307 0.358215868 0.357299030 0.356931239 0.355481923 0.342249632 0.618408263
 0.615204275 0.611829996
 0.969304144 0.525474429 0.525219500 0.525093734 0.524626255 0.524032474 0.523620784 0.522891581 0.522219360 0.521010458
 0.520401895 0.519912839 0.517867923 0.516322911 0.515994668 0.515171409 0.514850378 0.513641775 0.498453736 0.735001743
 0.732155442 0.729013026
 0.969304264 0.695173919 0.694850266 0.694715142 0.694249094 0.693681717 0.693296313 0.692625403 0.692016125 0.690943003
 0.690411329 0.689988434 0.688276291 0.687061310 0.686815143 0.686223984 0.686002910 0.685229838 0.670732677 0.840770662
 0.838543773 0.835967958
 0.969304383 0.849701643 0.849407196 0.849296868 0.848938823 0.848519146 0.848239660 0.847761571 0.847334087 0.846598268
 0.846240163 0.845958948 0.844864905 0.844152927 0.844019294 0.843721688 0.843619227 0.843319654 0.832547069 0.925619721
 0.924174309 0.922418237
 0.969304383 0.959274054 0.959103703 0.959045351 0.958867192 0.958666742 0.958536506 0.958318174 0.958126962 0.957807779
 0.957656384 0.957539737 0.957113743 0.956878245 0.956841469 0.956777215 0.956762314 0.956770241 0.951620400 0.980716288
 0.980066717 0.979231596
 0.969304383 1.000000000 1.000000000 1.000000000 1.000000000 1.000000000 1.000000000 1.000000000 1.000000000 1.000000000
 1.000000000 1.000000000 1.000000000 1.000000000 1.000000000 1.000000000 1.000000000 1.000000000 1.000000000 1.000000000
 1.000000000 1.000000000
 0.969304383 0.962322772 0.962470949 0.962511778 0.962614477 0.962712169 0.962768614 0.962852895 0.962917268 0.963000894
 0.963030934 0.963048279 0.963040709 0.962922931 0.962881029 0.962740481 0.962672651 0.962337255 0.964655995 0.981279373
 0.981651723 0.982228875
 0.969304383 0.854656458 0.854879320 0.854929745 0.855026245 0.855088115 0.855110288 0.855119586 0.855103433 0.855013847
 0.854946077 0.854879081 0.854449272 0.853917122 0.853773057 0.853346407 0.853156388 0.852294445 0.853174269 0.926642239
 0.927043259 0.927830577
 0.969304383 0.700332403 0.700546443 0.700577974 0.700581491 0.700510025 0.700434566 0.700263143 0.700073898 0.699657738
 0.699419737 0.699212790 0.698161960 0.697112381 0.696851194 0.696116269 0.695800662 0.694433630 0.691157877 0.842071593
 0.842173755 0.842787385
 0.969304264 0.529368520 0.529518306 0.529517353 0.529399514 0.529172897 0.528989732 0.528626740 0.528260767 0.527526915
 0.527128577 0.526793242 0.525207400 0.523758531 0.523413301 0.522469163 0.522072494 0.520404041 0.512524307 0.736367762
 0.735933304 0.736065328
 0.969304264 0.369032174 0.369104266 0.369074464 0.368864834 0.368531406 0.368277907 0.367795259 0.367323577 0.366411179
 0.365927130 0.365525693 0.363694042 0.362102836 0.361733705 0.360742599 0.360332310 0.358641088 0.347799391 0.619642019
 0.618569791 0.618052542
 0.969304144 0.237219200 0.237232089 0.237187356 0.236945182 0.236585200 0.236318827 0.235820994 0.235342115 0.234433725
 0.233957857 0.233566910 0.231821090 0.230353311 0.230018899 0.229132295 0.228769064 0.227292567 0.216006145 0.501740575
 0.500072718 0.498899877
 0.969304025 0.140593067 0.140576273 0.140531391 0.140311584 0.139995232 0.139764547 0.139337718 0.138931006 0.138168901
 0.137772784 0.137449488 0.136026293 0.134856567 0.134593382 0.133901671 0.133620292 0.132487178 0.122841328 0.390933067
 0.388825983 0.387128770
 0.969304025 0.076821491 0.076798633 0.076762997 0.076596335 0.076360226 0.076189496 0.075875394 0.075577892 0.075024895
 0.074738957 0.074506707 0.073494337 0.072675392 0.072492681 0.072015233 0.071821898 0.071047589 0.064025261 0.293091446
 0.290764242 0.288757861
 0.969303548 0.038700286 0.038683165 0.038659509 0.038550925 0.038398005 0.038287934 0.038085975 0.037895419 0.037543084
 0.037361488 0.037214547 0.036578238 0.036069036 0.035956018 0.035661642 0.035542704 0.035067327 0.030621519 0.211434022
 0.209112108 0.207032308
 0.969304502 0.017976329 0.017967168 0.017953727 0.017892038 0.017805014 0.017742483 0.017627800 0.017519811 0.017320774
 0.017218361 0.017135736 0.016779337 0.016495967 0.016433217 0.016269941 0.016203988 0.015940087 0.013459469 0.146761239
 0.144631058 0.142680705
 0.969300508 0.007700551 0.007697104 0.007690502 0.007659683 0.007615840 0.007584309 0.007526383 0.007471865 0.007371505
 0.007319876 0.007278316 0.007099318 0.006957352 0.006925903 0.006843990 0.006810848 0.006677710 0.005445962 0.098018251
 0.096201673 0.094519131
 0.969314694 0.003042913 0.003042301 0.003039492 0.003025898 0.003006248 0.002992069 0.002965916 0.002941276 0.002895884
 0.002872505 0.002853713 0.002772704 0.002708368 0.002694075 0.002656738 0.002641581 0.002580304 0.002031779 0.062987812
 0.061537519 0.060188472
 0.969260752 0.001109550 0.001109869 0.001108840 0.001103539 0.001095684 0.001089979 0.001079387 0.001069380 0.001050894
 0.001041346 0.001033676 0.001000504 0.000974023 0.000968109 0.000952588 0.000946257 0.000920449 0.000699931 0.038945332
 0.037855927 0.036843844
 0.969461203 0.000373473 0.000373874 0.000373556 0.000371732 0.000368926 0.000366869 0.000363011 0.000359349 0.000352548
 0.000349018 0.000346183 0.000333848 0.000323912 0.000321676 0.000315774 0.000313351 0.000303381 0.000222881 0.023168627
 0.022395901 0.021682106
 0.968712211 0.000116093 0.000116349 0.000116270 0.000115719 0.000114824 0.000114158 0.000112892 0.000111681 0.000109414
 0.000108230 0.000107277 0.000103098 0.000099689 0.000098914 0.000096855 0.000096004 0.000092465 0.000065643 0.013261197
 0.012742217 0.012267339
 0.971506536 0.000033340 0.000033464 0.000033451 0.000033307 0.000033052 0.000032858 0.000032483 0.000032121 0.000031435
 0.000031073 0.000030781 0.000029487 0.000028414 0.000028167 0.000027507 0.000027232 0.000026076 0.000017884 0.007303561
 0.006972824 0.006674030
 0.961076677 0.000008849 0.000008899 0.000008899 0.000008867 0.000008803 0.000008752 0.000008652 0.000008553 0.000008364
 0.000008263 0.000008181 0.000007814 0.000007504 0.000007431 0.000007236 0.000007154 0.000006807 0.000004505 0.003868149
 0.003667822 0.003489693
 1.000000000 0.000002173 0.000002190 0.000002191 0.000002186 0.000002171 0.000002160 0.000002135 0.000002111 0.000002063
 0.000002037 0.000002016 0.000001920 0.000001838 0.000001818 0.000001765 0.000001742 0.000001646 0.000001049 0.001978587
 0.001863112 0.001762235
 0.811807215 0.000000488 0.000000494 0.000000494 0.000000494 0.000000491 0.000000488 0.000000483 0.000000478 0.000000467
 0.000000461 0.000000456 0.000000433 0.000000413 0.000000409 0.000000395 0.000000390 0.000000366 0.000000224 0.000902507
 0.000838778 0.000785074
 0.464831680 0.000000102 0.000000104 0.000000104 0.000000104 0.000000103 0.000000103 0.000000102 0.000000101 0.000000098
 0.000000097 0.000000096 0.000000091 0.000000086 0.000000085 0.000000082 0.000000081 0.000000075 0.000000044-0.000360963
-0.000366558-0.000366892
 0.000000621 0.000000669 0.000000704 0.000000713 0.000000733 0.000000750 0.000000758 0.000000768 0.000000773 0.000000775
 0.000000772 0.000000768 0.000000739 0.000000698 0.000000687 0.000000654 0.000000640 0.000000577 0.000000421 0.000296106
 0.000315558 0.000334690
 0.000002593 0.000002766 0.000002894 0.000002925 0.000002998 0.000003059 0.000003090 0.000003126 0.000003145 0.000003151
 0.000003143 0.000003129 0.000003023 0.000002875 0.000002833 0.000002712 0.000002659 0.000002420 0.000001850 0.001202989
 0.001240774 0.001286418
 0.000009933 0.000010501 0.000010917 0.000011019 0.000011259 0.000011458 0.000011560 0.000011680 0.000011745 0.000011779
 0.000011753 0.000011708 0.000011359 0.000010859 0.000010718 0.000010307 0.000010125 0.000009304 0.000007405 0.002311019
 0.002367378 0.002439220
 0.000035230 0.000036916 0.000038151 0.000038454 0.000039166 0.000039761 0.000040065 0.000040425 0.000040622 0.000040710
 0.000040634 0.000040499 0.000039431 0.000037890 0.000037450 0.000036169 0.000035600 0.000033011 0.000027265 0.004431078
 0.004513728 0.004625573
 0.000115668 0.000120204 0.000123519 0.000124331 0.000126240 0.000127837 0.000128654 0.000129620 0.000130144 0.000130343
 0.000130120 0.000129734 0.000126712 0.000122334 0.000121076 0.000117408 0.000115769 0.000108279 0.000092437 0.008153643
 0.008260948 0.008420194
 0.000351968 0.000362994 0.000371002 0.000372956 0.000377540 0.000381371 0.000383325 0.000385606 0.000386814 0.000387151
 0.000386513 0.000385468 0.000377514 0.000366044 0.000362742 0.000353089 0.000348760 0.000328894 0.000288991 0.014484785
 0.014603780 0.014809898
 0.000993438 0.001017554 0.001034842 0.001039025 0.001048788 0.001056888 0.001060976 0.001065613 0.001067916 0.001067963
 0.001066166 0.001063468 0.001043913 0.001016179 0.001008201 0.000984869 0.000974385 0.000926104 0.000833812 0.024818834
 0.024913989 0.025146576
 0.002602586 0.002649735 0.002682739 0.002690599 0.002708710 0.002723465 0.002730723 0.002738429 0.002741643 0.002739218
 0.002734298 0.002727649 0.002682619 0.002620664 0.002602929 0.002551139 0.002527856 0.002420458 0.002222626 0.041020717
 0.041023925 0.041230399
 0.006332083 0.006413759 0.006468510 0.006481148 0.006509466 0.006531551 0.006541739 0.006550746 0.006552206 0.006540187
 0.006527407 0.006511848 0.006414626 0.006286668 0.006250389 0.006144873 0.006097507 0.005879104 0.005480886 0.065393880
 0.065196738 0.065280408
 0.014314734 0.014438379 0.014514736 0.014531222 0.014565723 0.014589472 0.014598219 0.014599767 0.014590598 0.014551040
 0.014520247 0.014486047 0.014289575 0.014045265 0.013977014 0.013779866 0.013691698 0.013286305 0.012522536 0.100541301
 0.099996112 0.099811390
 0.030081710 0.030241363 0.030324068 0.030338906 0.030362867 0.030369425 0.030364050 0.030335974 0.030295882 0.030192221
 0.030124595 0.030054851 0.029685022 0.029254396 0.029136464 0.028799171 0.028649284 0.027963929 0.026553994 0.149064764
 0.147999972 0.147361919
 0.058785528 0.058952577 0.059003212 0.059004143 0.058982406 0.058933996 0.058890060 0.058791738 0.058685072 0.058456853
 0.058323093 0.058192778 0.057549100 0.056850482 0.056663778 0.056136727 0.055904638 0.054852594 0.052349523 0.213093102
 0.211346716 0.210060880
 0.106867790 0.106989354 0.106947005 0.106915496 0.106796101 0.106637858 0.106520511 0.106295489 0.106073953 0.105642408
 0.105406091 0.105185464 0.104158960 0.103121005 0.102851346 0.102102190 0.101776227 0.100316480 0.096099541 0.293670386
 0.291138977 0.289051861
 0.180801287 0.180813178 0.180610985 0.180527478 0.180256486 0.179932013 0.179705933 0.179298505 0.178915530 0.178208008
 0.177837461 0.177502349 0.176017657 0.174615741 0.174262717 0.173300222 0.172887653 0.171069562 0.164469197 0.390097260
 0.386789799 0.383851379
 0.284792274 0.284645885 0.284242302 0.284095764 0.283644170 0.283124030 0.282771647 0.282156318 0.281592518 0.280584157
 0.280071944 0.279619694 0.277694225 0.275990695 0.275575966 0.274469227 0.274003476 0.271993607 0.262613863 0.499376148
 0.495455056 0.491774231
 0.417879671 0.417570710 0.416981608 0.416779280 0.416170239 0.415481031 0.415021032 0.414232552 0.413521200 0.412275851
 0.411657155 0.411121160 0.408913046 0.407078266 0.406647652 0.405526876 0.405065894 0.403131276 0.391294837 0.615943849
 0.611732304 0.607601941
 0.571506798 0.571088135 0.570398986 0.570169628 0.569487631 0.568722248 0.568216145 0.567359209 0.566594243 0.565275669
 0.564632058 0.564083397 0.561887741 0.560175896 0.559790730 0.558818281 0.558430135 0.556865573 0.543908954 0.731858432
 0.727800131 0.723670363
 0.728950620 0.728518367 0.727863133 0.727649748 0.727019727 0.726315618 0.725852966 0.725077391 0.724390984 0.723222852
 0.722661734 0.722190797 0.720359325 0.719030201 0.718746960 0.718061090 0.717799723 0.716815472 0.704902112 0.837528169
 0.834100008 0.830494583
 0.867598951 0.867257297 0.866769373 0.866613388 0.866155326 0.865644276 0.865310550 0.864756465 0.864270091 0.863453150
 0.863067508 0.862749517 0.861553192 0.860763907 0.860609293 0.860261559 0.860140800 0.859756291 0.851110339 0.922939241
 0.920535624 0.917927742
 0.963964641 0.963786006 0.963545024 0.963469565 0.963248849 0.963002920 0.962843478 0.962581933 0.962354600 0.961979091
 0.961805761 0.961666346 0.961166143 0.960885644 0.960840166 0.960757554 0.960738480 0.960740030 0.956620336 0.979187727
 0.978011966 0.976695359
 1.000000000 1.000000000 1.000000000 1.000000000 1.000000000 1.000000000 1.000000000 1.000000000 1.000000000 1.000000000
 1.000000000 1.000000000 1.000000000 1.000000000 1.000000000 1.000000000 1.000000000 1.000000000 1.000000000 1.000000000
 1.000000000 1.000000000
 0.968449473 0.968584895 0.968739212 0.968784571 0.968913794 0.969056666 0.969146550 0.969286680 0.969402730 0.969580114
 0.969652236 0.969701827 0.969819546 0.969757378 0.969718993 0.969576955 0.969501078 0.969084799 0.971206725 0.982885122
 0.983759105 0.984817982
 0.875146925 0.875338316 0.875517428 0.875565588 0.875696957 0.875838935 0.875923693 0.876042902 0.876130760 0.876236975
 0.876259923 0.876255929 0.876079202 0.875639319 0.875492334 0.875033498 0.874813139 0.873709381 0.875214994 0.929626346
 0.930900335 0.932546139
 0.737313271 0.737479210 0.737565100 0.737578690 0.737601340 0.737617135 0.737614751 0.737578034 0.737519681 0.737357080
 0.737239003 0.737106800 0.736362278 0.735383570 0.735100329 0.734270215 0.733890414 0.732079923 0.730682373 0.845977366
 0.847129703 0.848806083
 0.578501165 0.578590989 0.578522325 0.578482985 0.578343809 0.578173161 0.578045785 0.577794075 0.577540934 0.577035964
 0.576747715 0.576468527 0.575119257 0.573648870 0.573252320 0.572130799 0.571633160 0.569340765 0.564129472 0.740634024
 0.741227448 0.742439210
 0.422148317 0.422156274 0.421943545 0.421856374 0.421572238 0.421234518 0.420996606 0.420559794 0.420142531 0.419357687
 0.418936521 0.418547690 0.416779757 0.415032178 0.414581716 0.413338780 0.412799567 0.410383135 0.402038157 0.623737991
 0.623515785 0.623943925
 0.286102921 0.286059141 0.285765886 0.285652876 0.285291225 0.284863234 0.284566939 0.284036428 0.283539504 0.282627165
 0.282151580 0.281723291 0.279841304 0.278094500 0.277658939 0.276479810 0.275977671 0.273780346 0.264041930 0.505269051
 0.504191101 0.503743112
 0.179833874 0.179779604 0.179483980 0.179371446 0.179012716 0.178586662 0.178293571 0.177774876 0.177293599 0.176420718
 0.175973266 0.175576538 0.173871070 0.172357976 0.171990409 0.171010837 0.170600221 0.168841913 0.159608141 0.393680006
 0.391895711 0.390686274
 0.104702488 0.104667373 0.104427047 0.104334556 0.104038492 0.103683837 0.103440128 0.103010923 0.102614447 0.101899855
 0.101537332 0.101219282 0.099872410 0.098717257 0.098442547 0.097719945 0.097421221 0.096167304 0.088744067 0.295020431
 0.292798042 0.291077882
 0.056403130 0.056395981 0.056233291 0.056168728 0.055959757 0.055706024 0.055531170 0.055223424 0.054939445 0.054428842
 0.054171439 0.053947244 0.053007565 0.052222081 0.052038476 0.051560774 0.051365688 0.050561566 0.045390494 0.212641031
 0.210281774 0.208347782
 0.028088946 0.028102569 0.028010184 0.027971443 0.027843641 0.027685381 0.027575627 0.027381878 0.027202789 0.026880575
 0.026718671 0.026578328 0.025993999 0.025514776 0.025404288 0.025119366 0.025004212 0.024537278 0.021373814 0.147413209
 0.145178691 0.143295541
 0.012923793 0.012945625 0.012902158 0.012882116 0.012813990 0.012727249 0.012666467 0.012558472 0.012458217 0.012277218
 0.012186328 0.012107763 0.011781804 0.011518019 0.011457836 0.011303699 0.011241937 0.010995032 0.009278856 0.098296523
 0.096365608 0.094718397
 0.005491805 0.005512101 0.005495920 0.005487028 0.005455345 0.005413377 0.005383518 0.005329917 0.005279799 0.005188749
 0.005142950 0.005103401 0.004939435 0.004807829 0.004778024 0.004702061 0.004671828 0.004552377 0.003720074 0.063049272
 0.061507270 0.060188472
 0.002155085 0.002169569 0.002165534 0.002162209 0.002149405 0.002131439 0.002118379 0.002094582 0.002072102 0.002030882
 0.002010064 0.001992076 0.001917361 0.001857610 0.001844140 0.001809909 0.001796352 0.001743275 0.001379767 0.038904421
 0.037757184 0.036780078
 0.000781058 0.000789628 0.000789642 0.000788640 0.000784193 0.000777386 0.000772286 0.000762800 0.000753713 0.000736842
 0.000728268 0.000720844 0.000689875 0.000665100 0.000659525 0.000645378 0.000639792 0.000618067 0.000474095 0.023096295
 0.022296611 0.021621933
 0.000261511 0.000265861 0.000266609 0.000266398 0.000265104 0.000262825 0.000261043 0.000257637 0.000254313 0.000248043
 0.000244830 0.000242037 0.000230317 0.000220904 0.000218786 0.000213411 0.000211291 0.000203084 0.000151038 0.013193320
 0.012669482 0.012233239
 0.000080919 0.000082848 0.000083395 0.000083388 0.000083093 0.000082422 0.000081864 0.000080758 0.000079653 0.000077528
 0.000076428 0.000075467 0.000071402 0.000068118 0.000067377 0.000065496 0.000064754 0.000061889 0.000044619 0.007253845
 0.006928808 0.006663766
 0.000023151 0.000023907 0.000024180 0.000024200 0.000024159 0.000023987 0.000023831 0.000023505 0.000023170 0.000022510
 0.000022165 0.000021861 0.000020566 0.000019510 0.000019272 0.000018665 0.000018425 0.000017501 0.000012216 0.003834654
 0.003649197 0.003497509
 0.000006125 0.000006389 0.000006498 0.000006511 0.000006515 0.000006478 0.000006438 0.000006351 0.000006258 0.000006070
 0.000005970 0.000005882 0.000005501 0.000005189 0.000005118 0.000004937 0.000004866 0.000004591 0.000003096 0.001967324
 0.001848190 0.001766265
 0.000001498 0.000001580 0.000001618 0.000001623 0.000001629 0.000001622 0.000001613 0.000001592 0.000001568 0.000001519
 0.000001492 0.000001468 0.000001365 0.000001280 0.000001261 0.000001211 0.000001191 0.000001116 0.000000725 0.000819826
 0.000909461 0.000867692
 0.000000336 0.000000359 0.000000370 0.000000372 0.000000374 0.000000373 0.000000371 0.000000367 0.000000361 0.000000349
 0.000000343 0.000000337 0.000000312 0.000000291 0.000000286 0.000000273 0.000000268 0.000000250 0.000000156-0.000526893
 0.000360670 0.000340440
